P1_ID,P1_Gender,P1_Chromosome_1,P1_Chromosome_2,P1_Chromosome_3,P1_Chromosome_4,P1_Chromosome_5,P1_Chromosome_6,P1_Chromosome_7,P1_Chromosome_8,P1_Chromosome_9,P1_Chromosome_10,P1_Chromosome_11,P1_Chromosome_12,P1_Chromosome_13,P1_Chromosome_14,P1_Chromosome_15,P1_Chromosome_16,P1_Chromosome_17,P1_Chromosome_18,P1_Chromosome_19,P1_Chromosome_20,P1_Chromosome_21,P1_Chromosome_22,P1_Chromosome_X,P1_Chromosome_Y,P2_ID,P2_Gender,P2_Chromosome_1,P2_Chromosome_2,P2_Chromosome_3,P2_Chromosome_4,P2_Chromosome_5,P2_Chromosome_6,P2_Chromosome_7,P2_Chromosome_8,P2_Chromosome_9,P2_Chromosome_10,P2_Chromosome_11,P2_Chromosome_12,P2_Chromosome_13,P2_Chromosome_14,P2_Chromosome_15,P2_Chromosome_16,P2_Chromosome_17,P2_Chromosome_18,P2_Chromosome_19,P2_Chromosome_20,P2_Chromosome_21,P2_Chromosome_22,P2_Chromosome_X,P2_Chromosome_Y,Child_ID,Child_Gender,Child_Chromosome_1,Child_Chromosome_2,Child_Chromosome_3,Child_Chromosome_4,Child_Chromosome_5,Child_Chromosome_6,Child_Chromosome_7,Child_Chromosome_8,Child_Chromosome_9,Child_Chromosome_10,Child_Chromosome_11,Child_Chromosome_12,Child_Chromosome_13,Child_Chromosome_14,Child_Chromosome_15,Child_Chromosome_16,Child_Chromosome_17,Child_Chromosome_18,Child_Chromosome_19,Child_Chromosome_20,Child_Chromosome_21,Child_Chromosome_22,Child_Chromosome_X,Child_Chromosome_Y
47dab93c-7649-4aee-925c-5f4fb83f4388,F,AGGTGTGATTCAACGTACGCATGATACAAGCAAGAAAGGATGCAGGGTGCCCTCAGAGTTTTACATGCTCGGTCTACGATATCCTTGATTGTCATGTTAAACGCAGAGATCAGAAGCTATGTACTGTTATAAGCGACGTACCAGTCCCGATCAATGTCCTCAGAGTGAAGTAGAGCGATCTCGAGATACAAGTGAAAAGCCTGCAGTTATCTGCGCGGGGGAAATTAATCGTCGTTATTGCTGAATTCCTCGCAAGTTTTCTTCATGATTGCGACGAAATGTGATGAAAGAGGATCTTGGCCTAGCACTGCCCTATGGTGCTTGTACTAGCTTTCCTGGTTGCGATACGTGTCTTTGGGGGGACAGACGTCCCCGGTTTAGTCCCACTAGGCGATTAAATTACTTGTAGACGGGCGTATGTTTTCTTAATTCAGGAGAACTTCTTTATGCCTAGCACCGGGCCGGGGATCAACACAACCGTGTCGCGCTCTTTTCCTCTCAGGCCGCACGAATTAGAAGAAGGACCCCCATTCATCTTTGGAGAAAGGCCCGCCATCTCCCTCGAGATGGCTTTACATAGAGTTCTTGTTGCCATTGTCCAAGCGCTGTTAAATCCCGACGCTTCATGGTGGCATTACTTACGTCCCACGGCTACTCCCCTTGGCTGCCAGACCAGAAGAATAAGTGAGTAGTACATAGTGAACAGTGACTGAGCCGTGTGTTGACTGGGATCACTTTACGGGACTCGCCGGCCGACAAAGACTGTTACCCAAATTTGGAAATAGACGAAACGGAAGAAAGTTAAGAGTGAATAAAAGAGGGGCCCGGCCAAATCCTCGCAGGACTAATATTGCTCCAACTCCTCTCCGAGCTTGAACCCGCAGATTACAAAGTCCTATACAATTCAATCGGATACCGGGGTATCCGTTAATACTTGCCCCGAACTGACCCCAAACTCGGCACACTTCTATATTCCAGCAGTGATTTTGTGGTGGACCCC,GTTCTGTCGGCATCACGCACCCCCTCGGGACCAATATTCACATTCATTCATCGTATTTCCCGACCCCCCGGCTAGCCGCTTTGCCGCCCAGGGAGCACTGCGGAGGTTACCAAGTCCACGCCTAGGCCATGGCCTAGAGGGCCCTAGAAGGGTCATGCACTAGGTACGCTTGGAGGCGTGCTTTACTTACGTGGCCTTGCTCATACGGGCCATCTCATTATCGTTTCGATCGTCCCCGATTCCTCACCAAGCTGGGCACAAGTTATCCGGCTCACTGTCGGCACAGTCGACAGCGAAATTAGGAAGTTCCGTCGGAGTACGTGCGGCTTTCGGCTCAAAAGAATCAGAACCTTATGTTGTCGACTACCGGCGACGCATTTGCAGCCCGAACAGTGGATTCCTGTAACGCGGATATCAGCCTCCGACCCTGCTACTACTTATTTTGTTTACACAGGCTCCCGTCGCACGATTGTTCAAGTGGGTTGCAACCCCCGATAAGGTATATACTTTTCCAGTTTGAGGGAATATACCGCGCGGATACATATGATCGGCGGCTCTCTACAAAGTCGCCCTGTTTAGTTTAGCTGTGAGATCCCTGGCACAAAAAAGGTACGATTGTGGCTTTGCAATCCCGCAGGAACGATCCTTACATCTAGGTTGGGCTCGGACTACTGGCACCCTTTGCTGCGCTGCGGAGCGGAGGAATACGCTACAGGTTGTCCGCTCGGGAGACCTTACCGGTGCGCGACAAGGCAGGTGATCCAGTTCATTTCCCACGGCTCAGGGCTTGGGGTTACTCGTTTCAAAGGTCGCATAGGCCCGCAGTACAATCGCCAAGTACAGTGAAAGCATCGACGTTAGTCGATGGGAGGATTGAAAGTCTAATATCGGTGGGGGATGGGCAATTATACAAGACGAATTTGATTGAACCCGAAGGTCGTTGTTTGATTGAATGTTGATCACACCTCTAACGAATGTTGCCCCTGCTCTTTTCGTCAAG,CTCCAGTAGGGGCTGATAACATTCTCATGTGAACTCCCAGAGCCGCAGTGATAGCTCTGGAAAGAGGTGTTGACCTTCCAATGGGCCAGGTCTGGGGGTTTCGCATAACGTAGGTCAGGCGACCGACGGATCAAAAAAATACTTCGTCGTGCGAGGTCATGCCGAAGGCCTGTTGCTGCCACTACAATAATGGTGCGCCGTGAACTTAGATTTCTAAGAGATATAGCAGCACGGAGGGTATCACGTTTCTCAGAGACGGCTTAGTACCTTCTAGTCCAAGACCGGATCGCCCCTCCGAAGCGTGCGGATCCTATCGATCAAGTCAATCGCACACAGAACGGCACGTGGAAGTGTCGGCTAAGCCTACGCCCGATCTATGTATTATTACCTGTCGAATGCAAAGAGTCATACCGATTTTATACGGAATCACAAGGGAGTCCCAGGCTGAAGGGTGATATGACACAGCAATTCATTCTCTGGATTCCGCGTTGAGTAGCAAGCTCTAGCTCCAGGCATCTACTTGGAGAATGTGGCGAAAACATTTTGATTGCGTCGGGTCCTGCGCTGGGTGCGATGGCGCACACACGAGTTTGTAGCTGTGTCTTTAGAGATGAGGTCAATGGAGCCGACAAACAATCTGAAATGTGCTTGCTTATTAGCTCCGGACGACCGCTTAAGTGCCTCGTTTTGGTAGCAGGGGGACTCCGAACACCTCCTTTTCCGCGCTAACGACTACGCCGCTATCTATGAGGCAGATCAAACCCCGTAGTAATTCTAGAGACTAGGCTAATATCTAGTAGCAACGCGACATTCGGTGAGAATGAGTATTCAGGGCCACGGCTGTGCTAAGGGCTCCCGGCTCACATCAAGGGCGGGGCTCCGTCCCGTTTTCGCTGCCTCATTTCGAACAAGAAACACGTATCGGCTGCCATACTGATGGGCACGCCTCACCATATCTGCCGGCTTGTGAGGTATTAGTCCAGTCGGACTAGCGGCGACA,GCGAAAGCAGATGATTTCTGGGCTAGGGTCGGCTTCTAACGGATACCCGGAAGATTTTGGTCAACTACGCGCAATCTGGTATACAAGAGTGATGCCGCCGGCTCTCTCTTCTCGTGCTGCCTAAATGAACGATCCACCGGTATCCTCCCAGAGCGTCCAACACAATTTGATCCTACGTTTATCCGGTCAGTAAGCTAACACTTAGGGGAGGAAGCGCGTTGGCTAGACGATTATTACTTGCATGAGGTCCTGGCCGATTATATTAGGCTTTGCTCAGTCTAGGTTCTCGGAGCCGGCGCTCATGTCCTGCGTCGCGACCTCATCGCAGTATGCAACTAAGCTAGGTCTGCTCCGGTAAGCATAGAGAAGGCTTTTAGTGATAGCTCCGCACAGCTGCCCTCGTGGCAACCGTGCTTGTCGCAATGGCGCCATCAAGCTTAATTTCCTGCTAAATGATCGCTAGAGTGCTAGGTCAGCGTCTATGGCTTATCTTTCGGTTAAACACGTGGGCCGGGTTTTTGGCGATCGGTTTTGACTGGCGTGACTCGGCGATGGTTCCTATTTCGCTTCAGACAAACAGTACTCAATAAGCAAAGTAAGCGGAGTGACGTGGCGTCTTGACTGCGTGGCCATGTCAATTGAGTGATGGCACGACGCGAGATCAAGGCCAACATCCAGTAGGGTAATTACACCATAATAGCTTCCTCAATTGCCTTCCGCTACCATCGTGGAACGCCAGAGCCGCCTCCTCCTTCACTAGCGATGAGAATCCCGACCAAACCGATGGAAAGCTGGTTTGACCGCGAAGAGCACTCTTAGATTTAGGCCGTGAACTATTGTACGGAAGCTTGATCATCCTCAAAAGGCGGCATTCTGCCGAGAATAGCACAATACCACACCCATCATCGAACGCTGACGACCTATCTGACGCACGCATGCGAGCTGGACATATATCTTTAACACCGCACTACTTACACACACACAGTAATATTGCATGGCA,CCGCGACTACCAGGCCGACACGACCACCTGAGCGGAAAAACGAGGGTACCATAGCTAGCCTTAAGGCTGACTATCTGTCCCCGACGGTCATGTGATCAACGGACCGAATATAAATCAGTGATGTGTCTTTCATTATTACTGAAAATCTCACAACGTCTGACGTGAAATTCTACGCCCACGTAAAGGCTGGCACTGCTTGGACCACAATCAATTCTTCCCATCTAATAATTTAGCGGCCAAGCATAATGTTCGTTATAAACTCGTAGCGTCGACGGGGCCTCACTGGCAAAGAGAAGGGCGCCCAGCAGTCCTGTTTGGAGAAAGAAGTCTGGTAGGTCTGGTTTATAACCGCGGCTAAGGTGAAGCGTTTAGTCGCTTGCTCCCTATCATCCTCCCTACCCAGCACCGCGAGAATAAACCACGGACTGCGATGCGACCGCATCTACGGCGTCCGCAGCGCATCTCTGCACGACCGTACATCGTAGTATAGATTAATATCCTACTATAACAAAACTATCACTGGATATTGAAGTGCTACCGGTGGTAGGCGGAAATATGCTGTTCCAGGGCGATGTCCCTTCGGGGTCGCCCTCTAGCTCACCCACGGCCTCCTTCAAGGCCGTTTGAACATCGATCTGGCTGGCTCTGGTAGACTGCGCGTTTATAGAGCGCCGGATTTTTAACGCGTTGATATATTACCAAAGTGTCGACCACGTTGTAACTTGATTCTCGTTTCATAATTGAACGACCTTGAGCTGGAAACTGAACCACCGGAAATCCCCAGTGGGGTTGAGAACTAACGATCTCTGATAACGTCGGCTGCTCTTTATCCCTGTGTACCCCTGGACGGGCCGCAGAGCTAAGAGTTAATCTATACAACAGTGTGGCCCGCTCGTACCAAGTCCTTGGTCTAGTATAAGCTATGGATTTTATTTAGCGCACCGTCTCATATACGACCTGCATGTGCCGATACCTAAACGATCGGCCAAACCTTTGTAGA,CCTTGCGATTAAAAGCCAATGCGTATTTAGTGTCTCGTTACACAGGGGTCTAGTCTTGGGTTAGGGACGAGAGTAATTATAGCGAACGGTCAAAAGTACTACAAATACCTCTTAAGCGGTATTCTATTACACTGTCTAGAATTTCCACTGGTTTCAGTCCAATTCAGCGCCAGTATTCTTTATTTAGAGACACTACGGTGCGCCCCATCCTCCTGCGTTCACCAGTTCCTACGGATAAAACCATGTGATGAAGCTACCACAGACGAAGACAGGGGAGACAGGTATATTACTCGCGCACGCGTCGCTGATAAGCTCCCCTCACGGAAGGATATGTCATTCTGGGCCGCTGTATAGCAGTAAGACTAAAAAGTCAATTAATGAGCATCCCGGATTGGCTTCTGTCCTAGAGTACGTGGTGGGGAGTCCCATCTGGCCCATATTTTAGCGATGTCTTAATTGCCCGCACAACAACCAGCTGTCCTCAGGGGTTATCTCCTACCATCGAGTTTCGTGACCCTTGGAACTGTTTTCCCTTTCGGTAAGATTCGAAAAAAATTGCACTTGTAAACGTCCTGCCACGATCGTTGCACAGTCTACTGGCCCCTATTTAAGAGCGTCACGATGATAAGTCCGGCGAAGACGTTACTCCAACGGTTAGCGCTGACCAGAAATACTCTAGAATACGACCGTCTAGGCGGAAACAACTCTCTAATCAAGTTGACCCTTCCCCTAACCGGGATCTAGAAAGCTATTGTTCATACTACTCCCCAGCTTATGAGGTCTGATCGCGAGCGCAAGACAGCTGCCGCGGATCCTTGGCTGCCTCGACTGGAACCTTAGACCACTGTGCTGCCCAGCGGTTGCACTAACCGCAGCGAATAGCTCCACATACCATAAGACACCCGCTCTAGAACGGCATTCGACCAAAGGTGTGGATTAATCGAACGGTTGTAAATCAACTTTTACTGTGGACAATAGGGCCATTGCGGCGTAACAAGCT,CGTAGAGCTCCAGTCATTACTTGGATTGGGTGCGGATGTCGACCCCACATTCTACGATTGAGACCTCGACCGACTCTTTGTTATGAAAATATCGAATAGTGGCTCGGCATAATTGGTCGCGAAAGCCAATTCAGTACGGCACTTCCAACCCCGGAACCTTCGGATGTTTATGTGCGGTTGTAGCCTTCAACGATAAGTGACATCGAACTTTCAAGATAACCGCCATTATCAGAGCCTAATTGGCCTTAGCTTGCCGGCAAGTAGACCGCCCTGTCGGAACGGCGGATCAGAAACGCACCATAATTCGCAATCTTAAACAACAATGGAGCCGCGGCGACTCGCATAACCCTTGGAAGGGCTCACCGTACTCAAGCCCAGCAGACACGCCATATACCCATGGCGCATCTGATCTTGGGGTCTCTATCTGAGCAACTCATTATGGAGGGGCCAACTAGCCTATCGCCACCGGCACGAGGAATCTTGTGCGTCTTGCCGATAAATCCCGACAGCGGTTATGCACCACCTAGAGAGGATTAGGTGCCGTATCTGCAGCTCACTTGCCCGCCGAATGAAGCGGATTCTCATATTGCTTACCTCTATTGCAGGGCCGGCCCACCTAGAAACCCCGGATTGATCATCGCATCGTCTGAGATATCATTGATGCGGTGTTCATAGCGTCTGATCTATTCAGACGGCAAGGGCTCGGTTGCAATTCACACGATACCCGCTTTGTTGTGTATGACACGCTTCCGTACCGGGTAACCGGGAGATTGTTTACTTATCAGGAGCAGGGGGTCTTTTTCTCGTGGACGGTGACGTATAAAGCGGCCACTCGCTAAAATTCGAATTTGGATGACAAAACTGGCGTGGTTAGGACGGAACGGGCCAAATCGTAGTACATTATTATAGTGGTTACTCAAAAGATAACGACCTATCCTTATATGAGGTTCTCATCACCAATGAAAACTACCCAAAAATAAGTTAAAATATTATCTGGGCG,TGTCGGTAGTCTTTCCAGATCAGAACCTTCACTTTCTCAGACCCTTTGATTACACGGGTTCAACTTACGTGCCTCTGCCTCGATTTAGGGAATGACTGAGAGGGTGTTAATTAGATATGCATGCGGGCTTAATACCAACGCGGAAGCCAACTCGAGGCTACGGCATACGTGCACGAGCAGACAGCTTATGCCGAGTCATCTCTAAAGCCAGGCTGCATACCTTGCCTGGGACCATAGCGGTCTGCGGTATTCGTTCTGAACAAGCACTCCTCCCAGCCACCGCTCAGCACCCTGCGTTTAGAAAGCAGTCCCTAGTGAGCCATCAACAGCGTCTAGTGCCTTAAGCAACCTGGAATAGCCAAATTCCCCGACCTTAACTCATCTGTCCTGTCTTGTTTCGCTCAATAGCGATGCCACATCTAATACGGTATTAGTTATGCCTTGGTCAGACCGTTTAGGCAGAGCGCGGCGATCTAGGTAACGAAAGTCCACGCCCTCCCGGAAATGATCAAAGGGCTAGGGTGTATCCCGGGCGCTAATTTGACAACTACGCACTAACACCATTAGAATCGCCCACTGTAGGAAGTTGACAGATCATCACGAGGTTAGCCGTATGTGGAGAGAGGTCTAGGATGCTTTGCCATCCAGGAATGAGAGTGTTTTGGGTACCCCCTGGGAACATCAGTCACAAATAGGATACGTAGCCTACCCAATCCATCCTAGTGGTTGTAAGAACTACGCGGAGCTGGCTCACCAGGGCATTACGCTATCCGAAATGGGCATCGAGCGAACGCTATGTGCTAGGGGGAACCTTAGATCGAAGGTCGCAGAGAGCGACAAATGTCGGTCGGAATGCAATTGAATCGTAGAGAATGACCCGATGTTTGCAACATGATCGTAACACCATCGCTTTTATAAGGTAAGCTTTACAGCAAATTGTGTCCCCAGACTGTACCGCGCAAACCGCTCAGCGGTTGGTCCGTCAAAAAGGAGAAATCGC,ATGCCCCCCCGGATCGCTCCCTGGTAGGTGTGCTTGGTTTAATTATCGACACTTCGTAGGCCCGAGGAGGCTTTCATAATCACGATATTTGAGACCTGCTACTCGTCCGATAATCTAACTATTGTGACGCGAATCTGGCCCGCGTATGAACGACGAATAGATTAGGACTCCTTACGATTAATCCCAAGCACTGATTGCGATGTAGTCGGAGCATGAGCACATATTGCCGCTACCATGTTGGTCAGTCTTGGACGATTCAGTACAACGGGCGCGTTGGACTCATTAGGCGCTTTTTCGGACAGTCATCCGTGCAATTAAATCATCAGCCTGCACATAATATAATAGGGAACATTCACTTCCTGGGCCGGTGAGAAGCACTTTGTTTAGGTCTTACGTGTCAACGACCTAGGGTTGCCCTAAGTTCATGTAAACCTGCTTCATGTTAATGTATGGAGCAGGCCGAAGGCATCAAGGCGCGTCATCCTTTCCACTCTGCTTGCGGACGAATGTTGAATGTATTAAAACTGAGGTACACACTCTCTGCATGCGCGTGGCCCATTCTAGGCTTGTCGCCCGTCACGGATATCTCGGACCGCTAAACTATGCATAACTTCGAGCACGGTTCAACGAGCGTTCATACATAAGTCGTCTGACGGATCCTTACGGTCTAACAGTTCCGGTGGATTCTTGGTGTGTCAGGTGTATAAACTGTTATTCCGCCTAGCGTTTTCACGATTATCGGATGACCCCACATCAACCGCTGATCGTGTCACTCAGGTTACCGAAAACTCGGATATGATACTTTCCTATACCTCGCTCATCTCCTTACTACTTGACACGAGTGTATGGGCGCTCAATAGGCCTGACAAATCTATGGTCTGTCATTCAGGAGACTACGTGGCGTGTTTAACACATGCCTCATTTCATTACTGCAATCCATCTGTCGCTAGTAGAGGAAGGCCACATTAGTATGGCCCCATGTGCGCGTTACAAAGTGGAA,TTAATAGATGAGTGCGCGGCAATTGTAACCATAGACAATCGGCAGCCTAGATGAATATTTGGATTTATTGGGTTTTTATCCGTAGACGGAAATGTCGCGATAAGGTCAAACTCCGCAGCACAACAAGAATCGAACGCAACATTCGTAACAAGCTAGAGTTCAGCGTCTGTGACCAATACGCTTACAAAGGGCACCTGATTCTGGCATCTTTTCGGGTACACTTGACCTACTCTCAGAGATATGATAACAGAGAGCAAACCGTAAGATTCATGTAAATGTACTTCCAGGCGTGCGGACGACGCCAAGCGTCGGCCCTGTACAAAGATTACAGTCGATACTTGTTCCCCGAGAAGCAACCGGTAGATTATCACAAGTTACAGGTCAGATTCATGCAATTGGACTCGGGTAGAAGTTCTAATATACTCTCTACTCACGTGGTTTACGATTAGTTAACAGTGTAAAGACACGCGAACATTATCTTTATCTACGTGTTGTGGTTCAGCGACTGTCAGTAGCTGATTAACAGAGTAGGCTCTCGCATAACCGTCGGAAGGAAAAGAACCTTTGGCGATTGGCTGCAAACCATCGATCGCATGAAAGTCCGCTACATGCGCCCAGAGAGTCAACCACGTCAAGCCTCGGCTCACTAAGTGAGAGCAGACAGCTGCCACCTGCCACAGGAGACGGTGCCTAGGAGGACTGTAAGTTGGCTCGGTGCAACACAATTTTCATCAAAGTTGTCTACCTGGGATGAGCTGTAATGAGAAAGTGCCTTGGTAGTGCGCGGCCAAGGTAGGTGCGCAACACGGTGCAAGCGGCGACATCGATAGTAAGTACAAGAACCCAGATGACAAAAGTGTTTACACTTGTGACCAGGTGTTCGTGACTACGGGCCATGTCCTAATACCAGTCTAATACAACCTCAGCTGTATTGGTAATTTAGCCGAGTCTCTAAGACCCGATAGTCTCAATGGGTGGCGGTAGACCACAATCGGGTCCC,TCTACGTTCGACCACAGACTAATCCTTCGCGACGCCGTGGATTGTTGCGCTTTTCCCCCTCCACGTTTTCATTGTCCCCGTTGGGGAAAACATAGCGATCCCATACCTTGGACAGTATATCCAAGTCGCTGGCCCTAGGGAAACTAGTATTCGTGGCCGATAACCAGCAACAAGTGCTTATTCTCTGGAAAGCATTACGTATTCTCTGGCGCATGAAAACATATGCTCATAGTTCGCCCAGAACGTGTTGCCGACGACTACACAACCTAGGTGGAAATGTCCAGATGTTTGACGGTTGTCCACAGAGTAGGCCGAACCGAACTCTTTTCGACAACTATCACAAATTACCGTACATCCCCTGGTGCCGTTACGCATATGGTGAAGGTAGTGTACCTCGTGACGGTTCTTACCGGTCGTGCCCCAGCAACGGATTAACGCCTCATGCCCTACCATTTTAAAGGAGATTCCCTCCAGGGTCACCTGCGTGTAAGCGCTTGGGACAGTTGAAGGGTATAAGAATGGATGTAAGCCGCGTGTTACGTGCATAAGTCACCTTACAAGCAATTCCACGATCGACTGAAATGGGAGAGTCACTGTAGAACGGTCCGAGAATCGGTGCAACTTACAGCTTTTCATCCAATACTTTGCTCACGGCGGCGGACGTTAATAATTCTTGCTAATCATATGGGTGCGAACTAGAAGAGGGAACAAGATTATTCAAGGACCATATGTACACATTCTCCATCGGGGGGGCCATCTACGCAATAATAAAGGTATGTCAGCAATGCAAGCTTCCCGCACTTATATCCACGTATGCCCGCAAACACTTCCATCGTCGGGATCTTCTTTCGCCGTGCCCGCGATCTGTGGTGGGCCTGATCTACTTTTGGCGCCACACTAAGGCGACATGTACGGTATGAAAGGCCAATCATAAGGGTGGATAGTAGAGCAAACGGGGTGCCGTCACGCACGCTCAACGGAACAGACGGTCATAACTGAG,GAGACTATTCCACTTGAGGATGGGCACGCAGGCCTTGTAAGCTTAGAATAGCATCCCCGCTGTGTCAACCCATCTTCGCCCACGTGTCCCCAAGGATTCGTTACCAGTCATTGAGTATGTACGCAAACTGGACAGCAAAATGATTGCTCTTGGCTTGAGGTTATGTGCTCCGTCAAGCGGAGGTACGCAGATTCTAGCTAAGGGAGTTTGCGGTCGAATCAATTATCCCAGCCTAGAGCATAGCAAGCACTTAAAAGTTATTCCCTAAAACAGCGGATCCAGAGATGAGAATACGCAGGCTCACAGAAAATAGACCCGCGATTAGCACATTCCGCGAGTTAATGGAGGTAGTCCGGATTTCGTTTCACACTATCCCATGCAAAATGCTCTACACCGTTTAGATGTTGAAGTGCCGTACACTCTCCGCCTGTGGGGAGACGTGATTCCTTGAGTCGATTGCCAGCCGACCTGCCCTGTAAGGCCCGTCATGCGTGGCTTCTTTCTCTTCGCCCGACCAGTTAGCCATATGGGCAACGTCTAGGGTATGACGGAATGGCAGGTGCTGCGCCATCTTTTTGCCATGAACGTATCGCCACCGGTATCACATTTGAGCGGAAGTAGAGACCCTTTCGGGAGCTATCGTTTGTCCTACGCGGTACTTACGCTCCGGCAGATCGGAACATTCGGCGATATACGTACCCACACTTACTCCAGACCACGTTCTATAAGTAACCTGATCTCGTTCTAGCGAGGTGGGTACGTGATGGCATGGAGCAGCATCATATATAGGGCCCATCTAAGACTCACGGTGCATTACACTATGCGAGTGGTTAATCTCGTTGATCTGACAGCGGACAATGTGGTTAAAGAAGTGGTAGCGATGATTATTATTCGTAGTGTATATGCCTGCGCCCGTGAAGAATCAGAGCCACCGTAATGTAGCACATAAGGATGGGGACGAGAATAGGGTTCCAATCACTATTCAGAACGCGGCGCAGTA,AACCCGTGAGGGGAGTTGCACTCAGGGGGTTTCAAACGACTCGAAATAGATCGGTAGAATACTCCATCAATACGTGTACCTCTTCACCAGCTCTCAAAGTTTAGCGATTGAAATTGTCCAGCTAACTGTATCACGCGAGTTAGCGTTTCTAAGGGTGGAACGAACAGCCAGTGGACGATGGAGTTAGTCCGGGCGGAACGTGGCCCGCGCGTGGTAAGTTGGTAGACGCCGTATGCACCTCGTGGGACAAGCGATAGCGGGCCGCCCATGATCTGGCCATCGTTCGAGTCATCTAACCTCGAACCGGGGGTAGTCAATCACGCAAAGCAACCGGTAGGCCTATTCATAGCACTGGTCAGCCCGCGCACCCTCTAGCCAATTGGTGTTCATTGGGCTCGTCAGAATGTTCCGTCGCGTATACGTATTCATGTACGGCCATTTGGAGATCGTCATTGATGGCGGATTCATGGTGCTCGATAGTGTCTACGAATCCTCTGGAACTAGCACGGGTAGTGGAGGAGTTTCCCCTTCCACTTAAGGCATAGAACTAATTCGCTGCTGCAGACTTGCAGCAAATATCCGGTGTGGACAAGAATCGCCAAGGAGCTAGTAGTTACCCCTGGTTACATAACGAACAAAACACGCAGCTGAGGCTGGTTCAATTCATATGCACTTTTAATCGTTTTTATCAGCGTCCACGATACAAGGCGGTACTCGGTCCGTTATCTTTGATCCCAGAGTGCCCCCCGTGACCAGCTAGAAGGCATCTTGTCCTACATTGCCTGCTCCTCCCCGCTGTTGTGTGGCATACGGCATCATTGGAAAGTACTACAGGCGGATAGTTCCGCTGTGGCATGGGTTTCTTGTTGAGTCCCTCAAACTAGGTCTCAATTTGGCATTGAATAGGTAAGTTTATCACTGATTATATCTACCACTTACATAGTTCTGGCAATAGGTATGTCGTATCATTTGAAATAGTTGCGCGGGCTCCCATATATGT,ACGACCCCTGACGCAATTTCGTAACTGGATATGGGTTGAGACAGGCCAACCCTACTGAACCTTCGTGTACGGCTCAGGAGGTTGGTGGGCGCCATCGAGTGATTTCCTTCGGGCTCGCATAGCGAAGCAGCGATGTCGCCTTCCCTTGCTGCCTGTCGACAGGCTCGTTTTGCCTGGTGATGATAAGGTTGCTAGCCATCAAGATTAAGTTTCTCCTGCCGTGAGCTGGGCACGGCACCTTTGATAGAGTGTAAGCCAGTTGTGTAGGCCCAGTAACGGTATAGAGGATCGCCACGCGTCCGGTTCGTGCAACAGATAGTCTTGAGGCTCCGCTAAGTAAGCGTTTATGTCGTCCCGTAGGCCGTCTGGGGTCCAGCGCGTTAGTCATGTTGACCGCGCGCTGCATCGCCTCTGGGCGAAGAAGCGGAGGTCTAGGATAAGGCTGTACCATAACCTGGCCAACACGATGTTTCGTGACACATATCTTGGTGTCCGACCAACACGCTTTCAACGGTTTTACATATTCTGCACTGTAGGGAGCAGCCTCCTTTCGCACTTGACCGGGTTCGCATTTGGGATAGGTGGATTATCAAGCTGTGCCCCTGCTAGTGTCGGGAGGTGACTTATGAGTGATCCTATGGCGACACCCGGCGGTTCGTTACATAGTACAAGCCCGCACCTAGGACGCGATCGTCATACTGGCAAAGAGGGATGCAAGCCACCACAGAGGTTGGTTAGGGCATATGGGAAACCCCTTCTGTTCCAAAGAAAAACTCCGGCACAGTGGAGCGTATTCATTACGCATTAATAGGCCATAAGTGAGTTCCGCCAAACCGCCATGCACGCAGCCGAACGCAGGTACGCCTGCAATGCGTCTCTTCATGACTACGCGGGTTATCAGTAATTAAAGCCATGGTTAGCGCTGTCCTCGGCCCTCAGTCGAATAGTTTTAAACCTCCCATAACTTTGCTGGTTGAGTGCAGTAGGCTCAATGGATGAC,CACGTCGCTATCTGCTTTTTGGCGCTAAATCTCATGCCTCTCCCCATAGACTTGTGATACCTCTAAACTGCAAAACGCTAGACAGGTCGGTCTAAATACCTGCAAGTGGTTGGGAAGCTACATTCTGTTAGTCAATCCCTTGTTGGTGAGTGACCTAGTAGGTCTTCCGAGATAAGGAGACTTTTCGGCTGTCCCGTAATCGCAGTAATACCGATAGCTGATAAAGCCCGCTATAATCGTCGTGCCCGGAGGCCCGGCAACATCGTCTCGCCCGGGATGTCACATTTGGACGGTGTAAAGGTAATCTCTAATGACAACTTGAGTCGGGCATCGACATTGTAAGATCTCATCACTAGCGTAAAAAAATCAACGGAGACAGTCATTGCATGGAGGGTGCTACATTGGGTTGCTCCGTTAGTTGTGAAGTAATTAAGATTGGTAGCCGGAAGGATTCGTCTCTTAGTCGCTGAGTCACTGCGTCTATTACCCGTCATTTGGAACGTCGCATACGGCCACAAGTTGCGTCTACCCGACTCGGTATGAGTGCGAATTTCCTACGATTTGCCAAAACCCGTGTAATATCTCGGTCGTCAGGTGTCCGAGGACGTATCGCGGTTCAGATAAACATTGTCAAGCTACAATCACTTCGGTCAGATATACGGAGTGAAGGACTTCACTATCAACAGCGCCGGACGCATTGTGCAGCGAATTGTAGTGATCTTGTCGATGTATTCGTAAAGGCGCCCCGTTTACGCAGAGGGGACAAAATCTCCACACTAGGTCCTCAAGCATTTACATGGTACTAAAAGGGCTCGATCAACAAATCTGTTACTGGCATGGGGGCGAACTGCCGACTGTACGCATTTTTTCAACTCGGCCAGCGCATTCGCTAAAGATACTATTTGGATAAGCTTAGAAGCTCGAAGTCTCGGAACATGATTCTGTGCTGGTGGCCCGTGTCTACTCGAAACTCGGTTACATCGCTCCCCGCCGACCGCGT,GGTATTGGGGCGTCGATTCCTCAGACTAGGGGCTTGATGTACACACAGTCGACTCGCGCCGTTAAGCAAAACTATAAACCGCCGGTCTAATCGCCCAACGTGCTCATGATCCGACCTTGTTCTCAAGGGGCGAAAGGTTGGCTGTCCCTAATATTTGCTCGTTGAGCATTCGTTTCAGAAATGTGCCAAATTGGGGATTAGTTAGTGAACCATATTTGCGTTCGCCAATCGGCGATCTAAAGAGAATCACAGTTCTAATACCGATATTGGGTTCGAATCGTGTACTACAGAGTGTATAAAGATCCGGCGCTCTTCGTAGAGATACAGTGTATGTTAGGGGCCCCAGCGATCGGTGCCGTCATTGTAAGTACCCACGGCAACCTAAGCCCGATCCTCGGGCCTGTTTGGGTGTCAAGCTTTTGGGTACGATGCAGGTAATCCTGAAGATGTCGCCGTGGCCGTGCGAGCACTGCATTCCGTATTCAGAACTCAAGAACCATCTATCAAGTGGACTCCCCCCGCCAGCCTCCCACAGTGCTGTTAGTACGCCACACCTTCACAGGCTGACCTCCACGAGCCTAGGTCTGCCCAGCGATGAGCTCGCGACCAAAATTGGAAATAACGGCATCCAACAGGCTGGGTGACAACTGCCTGCAACGACACATGCCGGATGCAGGGGTACCCTAAGGCTGCAAGTAACTCGCATGGCCCCACCTGCTCGGTTCCGGTGCACTTTCATTCCGGTCTAGATCAGATTTGCCGGTTTGGCCGCCTCTTACGAGCCACCAATAGACTCCCGGTTAACGGCCAGTATGCTAAAGCCACTTAGGTACTCGGGGGGAGTAATGTAGACCGTTCGGATCGATTAGAGTATTCCACTACAGTGCGGTGCCAAGGGAACCCCACTTTCGCATAGTCGTAATTTTTCTATGCCCAGTCTCCGTCTTCTCAGCGATTTTAGGACTTACCTCATTTGCCACAGAGCTAACGCTGTTCCAGC,TAAAGTAGCCCATGGCTACGCCTCGTTCGATTTAGCCTGTGCGGAGCCCGTGTGCACTATTGGCGATGGCAACATGACGTGGAATACTTGGGACAGTCCTTCCTGTTGGGAAGCTCCGCTAGTTCAGACCCTTCTCGTCTTGGCCTTTGAGGGTGAATCGGAGCATTCATTGTCGCACATATAATCCCCAAAAGGACAAAAACCGGCGCTAACTCTATCCCCCTTTTCAGCAATTCGTTAAGGCTGGACTTTACCTTGCAATCGACCCCCGATTATGGGCACTTGCCCGGCACGTCCCCTCTAGCTATCTTGGTTGCGTTTGCGGGCCCCGTCATAGAAGGTCAGAGCGGGACTTGAATCGATAAATGTCCAACAGGCATCCGCTGCTTCGTTAGAAAGTGCGGCGTGCTCGGGGCGGTACACTCCCGAGAAGTTCTACTTAGAAATCCCACGGTTCATTGGAGTACGCTTTCAATCAGCGGGATCAGGGTCACCAAGTCTGACTAGTGAGCGACAAAAAAGAACAGGGAATAACAAATACTTGCAATCTCGTCGACGTACACCACGATCCAGAGACAGTACTTCGTCATCATGCTGTAATTCATTTGTAGCATACTCTTAATGCTACGCTTATGTGCCCATCGCCAGATTAGATCATTCGCTCATTCGATTATCAACCGACACTCCAGATGACTCCGCTGCTTCACGAGGTCACATGCCCCTCGTGATGATCACGCGCGCTAGCTGACTTTTGCCGCTCCAGGGTTCCTACGGAAATGGATAGCGGGGTTGATAGGAACCCAGTAATATGAACGTTCGAGTATGAGTACCCTAATTAGGCTCAGTGATTATGAAAGACTCAGGTCGTATCGATGCCGGAGACGATAGCGCATTTTAGTTGGCCACGACGGTGGCGCGCTTTTCAAGGCACTCTTCCCTGACTGATGCTAAAAGTACGACGCTTGTATAGCACAGGAGGTGAAAAATTACGTAAACTAGA,CAGCTCAACGACCTGGTGTTATCCACATCATTTATAGCGCGTCACTCGGTATACGCTTTCTTCAGGGTGTTGTTACACACTGTTAAAGCTCTTGGGTCAGAAGCTCAACTCCTTCTTCGACTGAGAAGACGAACGGCAAGTTATCAAAGACCGAGGATGCCAACACCTGTTTCATCTGGTCCCTTCACATCTGATTTTTCGAGTGATAATATTGCACCTTCGTGCTCGGAATCACGTACCGCTTCTATCCGCAGTGCCCCCTTCGGCCGTTATTGAGGTTTCTCTATGGTTGACGAAAATCCGGCAAAGGTACATATAGATTGTCAAGGCTGGGGCCGCAAAAAAATGCGGGGAAATGAAGCGTTCTTAGCTGTTTTGTATAGCGCATACCTGGAGGAGTCGCAACCAAACACGTACTCACCACCCAGAAGATTGGCTCTTCCCGCCTAGTTCAGTAGAGCAATCAGAGTAATTCGTGGCCTTCTTTCACTATAATATACTCCCCGGGGAGCAGTATGCGACCCGGGCTACCCGTCACGCCTACACTATGCACCGTAAATTCAGCCTATCCTCCAGCTGGCGCTAGATGGGGTACGCAAAATTTTGGTCGCGTTGGCTTGGTTCGCAAATCGTTTAACGTACTACAGCATGGAATTTAGACGGATTCCAAGGTTACCTACAAGGCCCCCATTAAATGTTTGTGCAGGCGGGTAAGTCTTTTCCGGCTTTCGGGAGATAATAAGTTCTATGGAGGCCCTTTGTCCACCTAAGTAACGAGAGAGAGGTGCGTGAGATAATCCATCGGCCCTAACTTACCGCGCCGCCGGTTACTATGATTGAAATACCCCCGGAAAACTCCTTCAAGGGCCTTGTTACGGGCCTTGGTGCGGCATGTACTCTGCGGCGCCAATCGGTAAGACCAAACTCCAAGCGAAAGCTCGCGTATTCTGTTACAATAGGAATACTAGACCTGTACTACGTGAGTGCAGGCTTTAACGAG,TTAATAACTCCAAAGCTAGTACTATGAACCTGACAATCCATTCTCCGGGCTGCCCCGAGTAGCATAATTTTCTTATTGCAGTATCGTCGATTGAGCCCACTGCGAAGCGATCAACCTGCCTCTGAGCGCTTAACTTCGTCCGTTCTTTGTGACGCTGTCATAGGTTTCGTGCGACGGGGATTTACTATACGACGTTCGGATAGCAAGACCTCAGTGAAGCCCATGGCACATTTACAAAAGTGCTTGTCCTAAGCCAGGTCTGGACGGGAAAGGCACGTTCCACGCGTTGCTAAGCACGCGCAATACACAACCTTCTCGCTTTCACGTATGTGCCGCACTATTCCACGTAGTCGTCGTCCCGCCAGAGACAGTCTTGACTCTTGCGTACTTTTTCCCTGCGAAGCAGGGTTACCAAGCCAATTCACGTGCGCATTTTATGCTTTATCACAACTACGCTGACTATGAATTTACTTTACATCACGTGTTTTCTAACCAGCATGCGAGACTTCGAAGATGAACCAATCAACCAATGGGTAACGGTGGTGTTGTTCAGTTCGGGACGCGCGTAATTAATTAGTAGAAGCGGAGTCAGCCTTGCAGCCTCCTTGCGCCGTTTTATTTAGCCATGTTGAACGCTTAGCTCGGTTCTCCTCGTTATCGGGAGAAGCGCATCTAAGTCTAGGACATTGTTCGAAATCGGCACAAGGTCCGCTCAAGTAACCTTCTCCCCAAGGGACGCTGACTATAATTTGGGCGTCCGCCGCCGTACAATGTCAAACACCTCAGAGTAAACCGGAAATTGAAACTCTGGGCAAGTACCTCGTGATCTAGGTATGGATGGCCCCTACCCGCCCAAAGGTACAGTGATATTGTCATACTCCAACTGCGTATCGCACCTACGTACTTATGAAGTGTGCTACGATCTGGAGGCGGATAATGGCCTAGTTGCTAGCCGATGTACAAGAAGAGTTGTAGATAGATTAATAGTAACTTATGGCTA,GATGGAGGACACACCCATTCACGAAATATATCCGATGGTTTACAAGCGTCTTGAGGCGGAACTAGTAAGCTGGACAAGTTACACGACAAAACAACCCCTCGGCCCATTGAATATTGTACTAGGAGAACGAAAGCGGAATTGGCCTTAAGTTACCTCACTCATCGTCGGCGAAAGGCGTCTCGGGCTGTTATGGATCGTCGGGGCCTGCTCGAATAGACCAACATGCTCCGACAGCCCGATGGTAACAGCATAATGCGCCCTAATCTTAGCCCGCTCTCGATACTCGTTGTGTATTATGTTCAAACGTGTACTGCTGCGTCGCATAGGCTAACATGATGCTCGCTAAAGTCCCAGGTTTGCAATACCGCACGTATCTGCCACTTATAGGAAGTTCATTCGATGGTGCGTCAATTCCTAAAGTGTGCCGACGCATCTACTTATTGTCTTACGACGACATCCGGAGTTCATATCAGGATAATGGTTCAAATTCGCAGCGCTTGCGACAATGGTCCCCCAGAAGTCGGAGATCTGTTCGCAAGGCTACTAGGTCCGGGTCCTCCTCCGTAGGATTATAACACCGCTAGCCACTATCTTCACTTTCTGGTGGTGGCCGAGAAGGCTTCCGCGGAGCGTAAATATGCTAAGCCGCTTCGTTGCCATTACCGGAAGAAGGTACGGCTTAAGCCGGTCCGAATGTGCATTTATTACAGCCGCTGAACTTAGGACACAACCAGATGCCTTCTATAGTAAGACAATATTGGCCTACATGAGATGGCTCAAGCAATGTACAGCCCGGGTTGGACGTTTGCGACGTGACGGATTCGCAACGTCCACACTTAGTGAACTTGACCATTGGTGCACCACTCTAGAGGGGGATACAGGGTCAGCATATCCTGTGCCACAAGGAGGTTTAAGAGCGCCGTCCGTCGGACTCCCGAACTATGCTTTCGGTGGTTGATTATCTCCTTGAACGCCCAGCGTCCAGTGTTGCTAGCGTCTC,AGCGCCACCTAGGTAACATCGTTGGATAGTGACATTATTCCTGAATAGGCAACAAATAGCCCGTCAATCTCTCTGGCATCCACTAGCACTCTACGAACGGAGTTGCTTACGAACACATGCTTTCTGCTGGCCCTCCCACCCTGAGCTTAACCCGGACCGGGAGGTCGCCTGTAGTATGATTTATTGCGCTGTAGCTTGACCGGCAGATTGACGTTGATCGCAGTTGACTTTTGGACAGTCTCATAAGAAGGGCATCCAAAGCGGAGCGTAAACATCGTGGCGATCGGGCTCTAAGGATGGGATCTGTTGCCGGGAAAGCTAAACTGGTAGGACGGGCTACGCACCATGTAACTCTATCTATCAGGAATCAGTTGCAAGAGGCTCGAGCACTGTAAGATGGCTAAGTTCATAAGCCTATATTCAGAACAGCTGGCCTGCTCTAGAGTGTTCGATGTTTATCACTACGCTAGGCAATTTGTTATCCGATACTAACGCAAGACAGATCAGTATACCATAACGCTAGACGGAACGGTAGGGGCGGCCTTATAGATTGTTTGTTATCGTCCCTACCGTTCGGGAACTTCTTGTACTTGACAGCCGTGAGGGTGGGGCGACGCGCGCTGGACGAGGTGAGTTCTGTCCGTTCTAGTTTAGGTGTATAGCCCTAGTCACAGGATCTAGAGACGATGCTCTTACTCTCAGTAAGCCCGCCATAAAGGCATGTTGGGCGAGCTTCGTCCGGCTATACCCAAGTCACGGATCTACAGATTGAAATGGCGGTTCGGCGCAGAACTCCTGGTGACGACGTAGGACAGGCCCACGTAATTCGTTCACCTCTTATATATTTGGAGCCAACGTATTCCAGGTCCCCTGGTCGGAGAGATACGAGGCCAGCACTCGCCTCTAGCTTTTATTCAACGCCGTCTACAACCCCCGATAACGGCTGCCTTACCCCAGTTTAAGATTTCCGTAACGTAGGATGAGAGTTGACCTCCATCAC,GTGCTTCCGCGCGCTAGTAACCATGCTGCGAAGGCGGTGGTTGACCATGGCCCAATCGATAGCGCGTTAAGTTTACTAGTCCGAGGCATGCCGCATAGAAACGTGCTTTCTGGAGGATCTATCGGTATGCGAGGAGCTAGGTCAACTTCTACAAATACTACGGACGGTGCCCACGAGGGAGATTCGGGCGACCGTGTCTATTATTGAACACAGTATCGCGTTGCTACAGGCTAAGATGGTGCGCGGCCAGGGGCTCAACCCAGTGCGGGCTCCTTTAGCAATTTGGTCCTTCTAAAGTAATTCGATGGGTTGCGCGTTAGGAGGGGCTTATAAGAAAACGAGGAACGATACCTACGGTGTATCTATCGCACCTGAAGCCGAATTAGTCCTCCGTAATATTGGTAATGGGAATAGATCACTAGCTTTGTATTATCATGACCCAAGGAAAAGTAGTATATCGTCCCAGCCTAGCTCCAGAGGCACGCATAAAGGCTTTGCGTGATGCGACCTCGCATGGTCGTCGTACGGGCGGTAGATTACCCGTTTGGGATTTGCGCAACACTAGCAGAGCGGTGTTGTTTAGTGGGCGTCACACAAGAACGTCTGCATTCAGTAATCTACGGGCGAGCTAGATCGTAATCCAGTTATTCGGTGAGAGTCAGGGGCGGAGGGTTGGTAGATTAGGTGTTCCGAGCTATCGGCTTTCACGATCCACTCAAGGGCCCCCGCTTGCAGTTCCTGTGGTCTCCCTGTGAATTTCCGGTGAAGACTCAGGATTGACGGAAAGAAGCCTCCTACCGATTTATAATTTTAGGTATCGCTCGGTTCAAATTCACTTCGCACCTTCTACATAACAAATCAGCTTACATGAGTCCGGCTGCCCTGACAGGGAAGTATCGTTAGCCTCTAAGTCTACGGTGAAAAGGGGGCTTTGCAATATTTATTCGCTGTGTTCCAGCTACTCGGAGCCCGAGTTAAGCCTGAATATTGAGGATACGAC,ATCTCCGGCGTGCTGTGCAACGCCCTCTGGTGCAACACGAGGCAAGACCTGGGGCGTCCGATAAAACACTCAGGCACGGTAATAGGGCTTCTGAGCAGTGCCTTTCGAGCTATCATGTCTCTAAGCCTCTCAACAAGATTACAGACGTGATACGTAGTATCGTTAATGTGATTAATATATGATGGCAATACCGCGATGGAGTAGCATGTCATATGTGGCCACGCGTTTGGATAGCTTCTTCTAACCGATGTGAGGATAGGGCTAGATTATACGCTCAAAGGGGCATACTGTGACGAAACGTACATGTCATATACGACTGTATACAAGCAGGGAGTTCTCTTCCCTACTGCTAGTTGGTTAATCTGACTCATTCAAGTCCACTATTGATGAAGGAAGTCTGTAATACCTGCGAATATCGCTAGTCGGGAGTTTGTGAGCATTCCTAGCTCACAAGTTGAATCCTTAAAGTTGGAATTTCCGCGAGCGGTAAAGGCCCTTAGGATGACGCTTCTCCTCTTACACACAGTATTGCCGACCCTGGTGGTGTCTTTCTGTACCCATACAATTATGCTGTGCTGAAGTGATTAGATGAGACTGAGGAACCTTTCGAAAGTATCGTGCCTCCCATTAGGTCTGACTCATTGAACCGGATGTAGAAACCGTTCCAGCCCTTTACCTTACCGGTTCCCTTAGTCGGGTGATAGGGCCACATACATACCTATCCAGTGAGCACGAACTATTGATTCACAATGACTCCAGTCGCGATGCGTTGACAATGTTAAAGCGCCTCAGTAAGCTGAAGGAGGGTATCCTTAGAGGTTTCACACCTATGGCTTCAACTCAAGTTGAATGATGCCAACTGTACTGACTATGGTAACGTCAAACTTTCCCTGAGCCAAAGTGTTTAAAGCTGCTATCACCAAATGCTGATTTCGACACTGTTAAATGTTGGGCGCTTTTCACAGCTTCTGGTTACGTTTACGTGAGCGAGGTCCGCTAA,CGTAGAGCTAAGGCGAACCTGTTATTGGACCCACCCTATAGCGTCAACTGTGACCAGAGGATGTAATATAGCTGTCTCGCGAGGGTCATACGGTGTTATAAACGGGGCTCAGACGCCTGGTACAGTAGAGGATCGCGACTTATACTTGTCCCTCTTTGGTTCTTAGGCGCGGCCGCTCTACAACCATCACGCTGTACTCCGACGCCTATTAGGCCCTGCAAAATTATATGTACAACAGTGATTGGCGAGCTGTTGAAGCTTTGTCTGTTCTTTAAGGCCACGCATAAAACAGCCATGTTAATATGTCGAACTCAGATTCCTCTGGTTCAATCCCCGAGTCGGTAGTACATTTCTGTTGAATGCTGCGCCTCATTAGCCCCGTCCCGTCTGAAATAGCTTTCGCGAGGTCAGAGCATTTTACTGGTGAAGAAAATAATCAGTTTGCATTATATATACATATTAAGCCGGTCGCCAGTCAGGACTTCATTCTAGCAAAGGCAGATATTGACTATATCACACGCAAAGTTCACGGATGTGAGTCACCCATCTAAGGAAACCTGGGTCGGACTTCAGGAACACGTTGCGGTCGCCCTCGTCCTTCACCCAAAAAGGGCTGTTACTATACTGGAAGGATAGCTTACACCCCCAAAGCTTGAAATATCGCTGCTAGTCCTAGCTGTACTCGGAGAATTCGCAATGGGTGCTAAGTTTGGGTTATGCGCTCATCAGGGACGTCCGATAAGAGTACTCACGGGTACGGAGGATTGCACCTATTCATGTAAGCTCGTCCACAGCACGCGACATACGCATCCTAACGCTGACCCACTACCCGGACCCCAGTCATGCGGGTCGCTTACCGAGCTATACGCCTCGCTCCAGGCCGACCCAAAGTGAGCCAGCGGCGAAAAAAATCCGAATCAAATTGCGCATACCTTTAGTTATACCTGCGCTTTCTTGTGAGATGCTCTTGCAGGTAAGTTCGAATACCATTAAGCGGGTT,ffcb9236-f52b-4864-af44-b798a4238a96,M,CAAACAACGGCCGGCACGTTACCTTCTTGTTGGCGCATTCGCCGGTGGGCCCCGTGCGGGGTGTGCTTACCTCCGAGAATTATCGGGAGACTCTACCCCCCGTACCCTCTGTTGAGTACTTCCGTAAGGCGTAGTGCATTGATTAGTCTCGCATCATTATATAAGCGGCCCAGGTCAGGGGTCTGTGGTACCTAGATAATATAAGACGTGGACAAGTAAACGGACCATCTATTAATGGTTCAATAGTGACTATGTTGCAGCAGAAAGTCCTTAAACGGTGAACTGTTAGGGCTACTTCGAGTCGACGGATATTGTTTTGGAACAGCGGCATTATTGACCCCGCTCCCGGCAATGCAATATAAATATATTAATTTGTGCTCTAATTTAGCATCCCGGGGCACCACTTTTTGACCTTCCGGAAAAGCTAATTCATTTCCACGAGTTAGCAGCGGGATCTTATATTCCACGCGGTTACGTTATAGTTCGTTATATTCGTGAACGGGCCCCTATGCGTGGCAGTAAGGAAATTTAATAGTGCGTAGCTTATGTTGCACTCCAACCATGCCCGCTACGTTTTCAATGTACGACGAAAAAAATTCGTCATATGCCGGGTTCCTCAGTCGAAAGGCCAGATAATTTTTACATAACAAATAAGTGGCGTGGGATTCTATCGATCGAATTGGGTGCGTTGACACGCTCTTTGCACCGATGTGTACAAAGGGCAGCTAAAAAAATCGGCACGGATCTATCACCAAGAGGGTAGAATTTACATCGTGGTCTGTAATTGTACATCGTTCGTCAAGCTCCTCGACAGAATATCCAGAGTTTGAACTGGAATATCAACCCACACGAGGTTTATTCGCGCAGTTACTGCCTGGTCGATGGAAGACTAAGCACCCCTAACGGACCCAACTGGCCGAGCTCGGCAACGGAAGTCTCCACCGCAATTATCATCCCTGCTCGCAGCGCGGTTGGGGGGCGCATAGACAGAAGGCTGGCG,CCAAACCGCGTGCTATCGATGCTGACTATTTTTTTACCTTTGCATATCCCCATGATCGCGATGATGCTCGCACTTGACCGACTTTGACGGCAAGTATCCTCATCTGGTGCTGACCCACAGGAACCCTAATGTGATCTTACTGCAGAGGCTAACGCAGGGCCTGTGTAGCGGGTAAGGTACCAAGGCAGTCACAAAGTGTCATACTTTAGATCATCGGTTTGCCCTTTACCTCTTTGTGCCGCCGGTACTGCCAGATCACGGTGAAGTTTAGGGGCTCAGGCTCAATTGGGTGAATCATAACCTCAAGCGTGGCCGCAAGCGCAAACAGCTTACGTATGGCTAAGGCCATAAGGGCTGAATTTTGCGAGACATCGACAATCACTCCAACTGACTTTCATAGCAATCTGCGCCCAAACTTGAGAGATGTCTGAATCGCTCCGCTAACAAGGACCAGTGCATTGGGTAAACTTTAAACGGTGACTTGCCCGGTTATCACCCCGGTGACAGGGTGTAATATTCTACAAGAGTGTCATCCACCCTTGGATCCGTTCTAGTCTACTACTCTGGGAATAACGGCAATAACCGCTCGGACACCCGTGAAGCGCAGAGCAAGAGTTCTCTGGAGCGGTCGGATATGCATGGGGTCTGTTGAACGCTCACGAACTGTCTTATCTCCCGCCGCTGGCCGGTTATCCTTGGCTAGATCCGGTCAATGCGGAAGTAGCGTCCATGAGCAGCACCGGACAACTGTGCTTATGCTGATGCCTCGCAAAAATCCTAGAGTTGGCTCACTCAGTCGCAGAGGCTATAATGTACGGCTAAGGTCTCCAGAAGTACTTAGCGCGGAGGGTGGGGAGTGATAGCGGGTCCAAAGAATTTCTAGAAGCGCGTCTTCAGCCTCTAGCTTTAAAACGGCACAGTAGTCAACTTTTGTGAGCGCTCGAAGCCTACGTTCCTCAGGTCAATGTCGGACCTGTTATCTTTCGTGAGATATGTCGAC,AAGTCAATGGACAAAAATCGGATTGTCATTTTGTGTAAGATTGGCGGTGGGCTAAAGGGCACGTTTACGAATCTTGCATTGTTTCAGTCGCTTCCCTTAACGGTCAACAGTTCAGCTAACTGAACTTACTGGTACTTCTATTATTAAGCACTGGGACAACCACTTAGCCGCAAACTACAAGGTCGTGGGCTTGGCTGTCTAGGATGCAGGTGGCCCGTATGGATGATAAGTGCAAGAGAGTTGTCTAGGGATATACGACCCATTACGTCGCTATCGCGACAATCATACAAATCGGTACATCCGTAAAGCCGTAACTGGTTTGCTCCCGAGAACAACGCCTAGAAGTCGCATTACTAGCTGTCTTATCGTATAAACCCACGGGTGTATTCCGTAGGAGTAGATATTTATTTCCCATCGGTTATGAAAGTGACTTAAAAAGTACGGGCTCCCCGGTTTACCGATAATCCCGTGACAGGGTGACGTGCCGCTCCACTTAATAACGTGATTAATAATGAGACGTCCTTTGGGTGTGAACTTAGGATTCCTGGTGCTGGGTGATGAGCCGGTACACAACTCACGGGTTACGCTTAACCAAACACTTGCGTTGATGGTACCAGCGAACCGCTGGCCCACGACGGTGCTCTTTGGGGCCTCGGGAGTGAGGCTCGGCGGTAACACATGCACGTTCGGGAGCGTTCAGAAAACTGTAATCGCTGAACGCACCGAAGTCTAATAGGCCCCTCCTGGTATATGCTGCTTGCGCCGCTGTCTATCCCCCTATCCCGGCGAGCACACCAACGACCACGCCATGGATTTGAGCATGATTTACCGAACCGGTCTTAAGCAACACATGCACCTCCATATGCGGCCCATTTGACGAGCTCGTACAGTCCGTTGACGTACCCAGGGCCGGATGTGATGCACATCATATTGCGTACGGCAACGGGCGCTTCGAGGCACCCTAGGGCTTGTAGAACTCGGGCGACGTCTCCCGACGCCA,GTTTCATTTAGGGAGCGGAATCAATACAGCCCCTTCTGGCTCTTCCCCCGATATCTTGCGTAGGTATCCGAACTGCTTCACGTCCTGGACCCTATACTTTTTGGGTATGGTAGAACAGCAGCGCTCTCAAGGGGCTCGACTTAGACCCATATTAAATGGGAAGAACAAAACGAGAATAATTGAAGGCCCTGATGCGCTATCACGCCGGATCGGCCTCAATGGACTCCCGCTTTGCATACTCTATTGCGATTTCATGCCTGTTTAGTATGCGAACAAGCTCGATGCGGCAATTTCTCACTTCATAATCTGTGCTCCGAATCACAGTATCTCGGACTATGTAACTTGAACCCGCCCTCTGTGCTCTCGTGTCGGTACGAGCTTATGGTTAATCACCGCCATCCCACATACGGAGCGTGCATGCGGGCTTTTACCTCTTATGGCCCGGATTGGCCCGCCTCGATGGCTAGGCTGAGGCAGCAGAGCTCGGTGTACTGTGGCAGGATGCCACTCTACCCCTCCCCTGGGACTGCGGACTGAGGACGCACTATCTTGGACAAGGAGCGAGCTACGGCGAAAAACTTGTGGCAAATTTCCATGGTTAGTTCGGGTAGGGAAATGACTCTTCGCCGTTTATGGATACCCTATTGGCGATGTAGCCAGGATCGGGGCGGCCGAAGCAATTCGGGAGCACAGCGTGGGGCGGGGTACGTATAATTATGCCTGCTACCACCGCAAAGGCGTTTTTTTTTATACTAGACTGCTTAGTGCTCAATTTTCCACTAGGAATCTAACAATGGATGGGCACGGATTGTCGGCGTGTTCAGGTCTTATCAGCAACGGCACCGACACCAAGTGTCTCCTGCACAGGTTTATATACTACGAGCACGCAGTCGGTAGGCTGGCTTGAGAGGTGCCCTCATGGATTTCGTTAATTTGAGAGCGAGCGTGGGAACATTGGACCGCGTGCCATTGATGTTCCAAACAATACTCGCACGAAGCC,TACCCCAAAGGTCTGTGTGCGATGTGTAAAATGGTTGAATATGGCGACCACAAAGTCCAAGTACGTGTTATCGACCTCGAACTTGTGTCCGAGATTGAAATTTAGTGCACAAAGTTTTGACTGCGTCTTCGGATCGAGTTGGGCCCCGGGCTGCTAGCTTATACTGCGCAAGAAGATTTTTTGGTTATCTCATGTCATGAAGCTCTGAGGGGGCCACCTTACCTCTATGTTAATCAATAAACGCGGCCAATGAGAATTGAGCGTGGCGATGGTCGAGCTGGTGGCATATTGTCGCACAGCTGGTTTCGCCCTGGTCCCCTCCGAGCCAGGCGTGGCTAAAGGAACTGGTTTAAGTCGTTCCCAACGTCTACTTGGATCTAGAGGCGGAGTTCAAAGGTGCTCAATAACTTCGCTTAGTGGGAGGTTCGCCGAAGTAGTTGATCGAAAGATCCAAGTTGCCATTGTCCACTTGAGTGATGAGACCGATTCGTTAGCGTAGCATGAATAAACCAGAGACGGAGAAAACCGACACATGGTTTTGACGATGCCAGAGCAATTTCTTAGGCTAATATTTTTGACCTAGAGTTGGGTAGTCGATACGCGCGGGCCCTGAATCTATGGAGACGGGATACAATGTCGGTATCCGAGCCTCCGATGTCATAAAATCATCCTTAACCGTAGGTGCGACACACTTCTCAAAGGAGTAACGGACAACGGGATGAACCGATCTGGTATATAGTTTCATCTAAGGCCCCTGGCGTTATATAGCGCGGGGCCCTTACCGTACCTGGCCACCGCGGTGATGACAGCAGACCTAGTTAACTTCATAATAACTAAAGGCGTCCCGGTGTTTGGGCAATGTTTCTTATTCGTTATATTAGGACAGCACTAAAACGCCATCACTACAACATAACGCTGAGGATGTCAACTTTCACTACCCCGTAAAAACCGTCTCCGAATACCCAGCTACGACTTGCTAGTAGAGAGAGAATACTATGGG,GCTTGACCCTTAGTTCCAGTCACTAATTGTATTAGATACCGAAACCTGTATCGAGCCCTCACCATCTTATTTCTCACTGCTGTCGCACAAACCATACTCTAATCCGCAGTACATAAGAACATTCTCACGACGGTGTCTAATGGACATGACATATATTCAACCACCACCCCACCTTACTTGGCTTCAGCCAGCCGTCCTTTGCCACAGGCTAGTAAGCTTCTATGGTCTAAGCGACCAATTGGCACCGAGTCGTGTAGGACGTATCGCGGTATATTAGTCCTGTTGTGGTCCTAACTAGTAGACGAGAGTTTTGCGTAGCGACATATAGTCCATTATCCTTTTTCCCAGGTACGCCTCCTTGATCGACGTGCGGAAGGCGACATACGCAGACAGTGCTCCGGTAAGTCCTCAACTTCTATGGGCGTTCGCGACAAAGCCGCGATAAGGCAATAAAATACAGAAAGAAGTCTCCTTAAAGCTGAGAGTGTAGGGGCCTGTATACCGCCGGTTCATTTGCGGGTATTATATAAAGCGGAATTTGTCCTCTTGCAAGGGGGACCCTAGACCTGAATGCTCGGCCGAGCGAGTTATAGGCGATAGCAAAGAGTGATGCCTGGAGTAGCTTCTCGCAATACGTACAGACAGATGACGAACTATAGGCTTTCGCTTACACCACAACTCCGTGTAGAACCCGAACTTTGACGCACCGTCATTATTCCGGATAATTGTGCTGATCAAGAGAGCTGGTGCGGCACGTTTGACCGGCCTCGCCCTGTTCGCGATTTAGCTGGTTAAAGGGGGGGCAAAGAGATAGACATCGTGATCTAAATGTCCGAAAGCCCATTGTTACAGCATAAATCGGGAAAGACAGTTATTAGGGCTCCCGTTTGATGCAGCCCACGCTTTCTCCTGTAGCCGAGCAATTCAGCACTGTTAGACCTACTGGGTTCTGTATGGCATCCACGAGCGCGCTTGAGGCCGGAGAACTCTCGTACTGTGT,ACGACGAGGTTATCTTGATAGGTAAACCCCACGATTCGTCGAGATCCGTGCCACTCTTAAGCTGCAAAAGGCAGCAGTACGCCCGGTAATATGTTCCATGAGTGATTATGGCCCCCAAAACGAACAACCGATAGATTGTCCTATGTTCTATATGGCAGTTGTGCAATCATCGATATGGTAGGGAACGCACCTCTCTCCCCATCAAGCGCAGTAAGCAGGGATCGGGCTATCTTGCGGGAAAGCATATCACTAGCAGCCGTGGTCGTTTTCCTAGGCCAGAGATCTATCTCCAGGGCATTTCATATGCGCCCATTTATGACGCAAGAGGGCCACGCCAACCAGATTACCAACTTAAGATTAAAATTTCCTGCCCTTCTAATATAAGACAACACATTAGAGGCTCTATAATGGGAGACAAGGTTAGTCAATCCTTGCGAGGTGCTCCGCACAACGATGGCCAAAGGTAGGTCTGGTGCGCTCCAGTGAATTGTCCTCACAGTCTGCTTCGAGGCAAAGAGTACTGAGGAGAGTTAGTGTAATGCACGTTTGGCCTGCCAATCCGCCGGATGGGGGCTCTAGTTTCGATACACGTTAATGGCTATGCTGGGAAGGAAAAAACACTCGGAGCGTGCACAGATTGTCGGTGCCAACTCAATCGGAGAAAGACACGGACTGGTGAATCCTACACGTCATTCAAGCTGCCACTGTGGCGGAGAGTCACATCCACTAAGCGACTGGACCATCGCCAGTCATAACGTTGGATCGTTATCCTCTACCACACAGCGACCGGGACCGACGACTCCGACGTTAACTAGCCACCTCGAATAAACGAACTCCATGAACCCGCAAATTTCGGCAACTTATTCACTTCCCTTCCACGGCACTGGGAATTGTGGACGTAATCCGTCCTACGCAGACGAGAGAACGGTCTATGAACATACATTAACCAATCTGCAGTAGCTTATATAACAATGCTTGACACATGCGAAAATCGGCCCGC,TTTCCAAATTGTCTTACATTGAGGGCAGGATTCGCTGACTGACTAATGGCGAGATATAATGACACACACCGGTTTTTTTTCCATTAGATGCTATATTCGCATTCTTCTCGTTAGGTGGGCCCTTACGCTAGGCCCGCATAATAGAACGGACCAGACAGTTGTTTCTCAGCCCGGCGTTACCACCTTCTCTTACAATAACAGAGTGCTTATCGTTCATGAAGCCTATGGGCTGATTTCGGAGATTCGAAATGCCACCAATGACAGGCTTGGGAACTGTATATCGATCGATAAGCAGGCTGCGCGCGGGCTAGTGGCGGATAGAAAAAGGCTTTACATGCTTTACACAACGATCCGCCCTTACTTACGCACATATTGACGTGAGCGTCGTTTCGCAGAAATCGGATCGGATTGGCAAATAAGTTTACTTAGTACCGGGTGCCGAGCTACTGTTGGGGTCTCCACTATGCCCGCTCATAGAACCGCAGCTATAATGGGGTGAAGAATACACCTAGATATGAACACTGATTCTAGCGACTGCCTCTGGATGGAATAATTTAATGGCTTGTGTATGTGCGGGAGGTCTAGACCCCAACATGGACCGGTGAGGGGATCCCCGCAAATACTTCTCGAGGGAGAGAGACTTTGCTTGAAAAGCTACACGTCAAAAATATTTTCTAGGCATAAGCTGACGGGATAACTGCCCATTCCAGAACATAGCGCCAACCCGTAAAGCCTATATACAAGCGCCCCATACACCGCTGAGTGTTGTCTGCAAACAAAAATTTCTTTGGGTTAATACCTGTCATCAACTCCTTCACTATGCAGTCGGTGGACTCTACTGCTCCACATGGACATGTGTATTCGTACACGTCAAGTCGGTGGGCGAACATCGAGCTCGAATTTTACTGTCTCTGAATAATCCACTCAACAAATCGATTGAATTATCGGTGCCTAATCCCAGTTGTAGCAAAGCGTCAATCGTCTGCGCGCATTCATTCGA,GGGAGTTACTTGTTGTATGCCCCGCGAATCATAGTGTCGACCGGATTTACGGACGCTCCAACTTACCCCGAAGATGGTCAATCCGAATTTACAAAGGGTATGCCCCATGGCCTCTTCCGAGAAGCTTCTTAGGGACGTCTCCGAACCCGCCGAGTATATCGCGTACGTGAAGATTGCCTATTCCGTTCATATACTGGTGCCCATTTGTCCGTCCGTGCTGATTCACCGAGCGAGCGATCTTAATGAGATGAAACGGTACGGTCTATATAGGTCGAAGCGGAAGTATACCTCCGGACCCTTGACCAGCAATGGGCTGCCTCTCTCCCGGTTATATTACGCAGCTAACGACGCGCATATCGATATACTCCGAGTCAAACAGAGGGAGATTGGGTACTTAAGCATACCCGAACCTTGAGCTAACGATATGATGACACCCAAAAGTCGCGACCTCGTGTGCATTGTTTTACCATGCAAACCCAACGTTCAAGAGAATGTTAGAGGGAATGTTCGATGAACGGACTAACCACCTTTCAGTATCTTTGGACGCTAGAGATGCAGCCTGACATACTCCGGAATATCGAGAATCCCGCGTAGGGGGTGAACTGGATTGCGCAATCTGCGCTGCTGCCTACAGGATCGTAGGATGACCCTTAGATCGCGTAATCGTGTAGGCCCAACGGATTTTGGAAAGTCAAGGGCAACGGTAAATGGACATGAGGGCCGGCACTCGTCAGCTCCCACTTTTGCCGCTTGGGTCGGCTTAGAAAGTAATACATGCATACAGCTTAGCAGGCGGCGCACCGAAGGAGAGCGCCTAGAATCGCGAGCACTTTATACTGGGTACCAACCGCCATGTTTTGGCGGTGCTGTTTCCCCAGACCACGTCACAGCAGATGACCATACAAGTTTCTAACTGCTGCACACGGAGTCCCTACCATAAGGAGTTGGGGCTCTATATCTATCTTTTGCCGTTTCTGCTCCCGTAACATCCGGCGCCTCT,CATAGCGTGCAGGAAACGGGGGAGGGAATGGAAGCTTCGAACACAATCATCCAGGATAACTGTACGAACCCGGTTCTTCCGTCCACACAAGCTGCCTCTATGGGAGAGACGATCCACATTCTGTTGAAGGAAATGGGGAAGTCGGGCTTTGCTCGAGGGCACCGCTCGTTCCGGATCATTTAGACACTCCAGGATCAATTTGGTTTGTACGTGAGCATTGCATCTAGCGGGCCCCAACCAGACGCAGAAGAGGACTCCATTGCCGTGCGTGTCACAGATATGGTGGCAAAGGTTGCTAAACACCACCTCCTATTGGCCCATTTTGTACCTGAGACGTGCTACACAACAAGGACGTGGCGATCTATCTGAGTAGACAGTCTGACGTACCGAACTCTCGCCAGTGGACCGAATGTCGAGCATACGTATGATAACATTCCGGGACACTAAGTACTCGCTGAATCTGTAACCTACTGGACCGTAGGATCTATGTCTTATTGAGAGACGCGCTAAACCCGCTGAAGTAACGAAAACATTAATATACCGCGGTGATCGTTTAGGAGCCGCACTTGCTGCGTTGTCGTCTTCGCCCACCCAACGCTGTGGGGCCGGACACGGATTCTGAGTTTTGCTTTTCGCGACGAGTATTAATTATTCTAAACCAAGCCGTGTATTCACCAGCCATAAGTCCCGTTAGGACTTGATTCTACCTCCTCCCAGATCGTGGGCCACAAGTCAGGATAGTTCTATACTCGCGAAGATGACATCGACTACACCGTCAGCTTAATCTGTCGGAGGGACAAGGGTGGTTGCAGGGCAGGCCTTGTGTCACAACTTGGTTGTCCCCTATCCAAAAAGTCGGCCTACTAGTCCGGTGTTGATTGAGATTCACGGGCTATGTTACTATGGGAGTAATGAGTCGGGGCTCAATAAGGGCTCCTGATAGACTCTCATAAGGACTTTAACTAAGACCAGGACGGTAAGTTAACCGTACATACTTTGC,ATATACGGTGTTAATGTAACGAACTAGCACACATTATTGACTATTTGCTGCCAGGTTAACGCGCCGGTGCAAGCGGGTAATGTCCCACCTCGCTGCCCCAATTGTTTCCACAAATCGATAGTCGGAAGGTGAGGGTTTTTGGGTCACTTTATATAACATCCAAGCCTCCTCCTGTTCGACTCAAGCCGCCGGAGCCCGATATGCCGTATGTTGGATTTTTCGATCCTGTGAATGCTTCAGCCGGATATTGCATACTTTTAATTCGGATGCCTGAACCCTTATCCAGCCCAGCATAGCGGGGTACGATGATCCATTCATTTAACGTTAAGTGATCGCGGCCCAGCGGACAACCACCTGATTATACGCCCAGGTGTTTAAGCCTTTGCTATCAATTGCACCGTGTGATATGTCTCTGGTAAGCATCGACACATCCCCCATACCCTTCTACGGGTGCACCGGAGCGCGCACGCACGCGCGAAACCAGCTACGTACTGGGATCAGCACCCGAAGCCACCGCCCAATTCGATGAACCCGGGAAAAAGTAGGGGGGCCAAAGGACCTGCGACCGAACCTCCTGGCGATTCGGGAGTAAGACCGGGTAAGAGCTATTGTTGTGATTGACGTGCATGGGTTGACGGCGGATTCATGCGGTCTGAATGAAATATCAATGGGCATGGACAATCTATGGCGCGCCCACGGATTATGTCTTAGCTGCGTCAGCGATGTTCTGTCAGTACCTGTTGGTGCGCCATTTTACCTGGGACCGCCTGAGCGGCCTAATAGCAGTAGGGGTAGCCTGCAGCCTCTTCGCACGACGCAAGGTGCTGTTCGACTATGCTGCCAGTTATGGTAACCGCCCTAATCGCTGCTCAACCAACTTAACCACCTGGACCTTATAACCAAAGCTCATCTGCGCCTAAAAGCTAGTTCCCTATTGCTCTCTGAGTTCCTCGGACACGGCTACGGTGTACCTCGTGTCTACTCTTTGAAGAATCAAGGA,ATTAGGATTCCACGCATAGCACACGTAGAACGGGTCCATAGAATCCCAACAAATTAAGTGTACTTACAACGTAATTTCTCGGCTTATAGTTCAAGAATCGATCACTACCTTCCTTCGGAAACGGTGTCTAGCTCCGAAACAACTACGACTTAGCCGGGTGGGTGCGCGGATCATGAATACTGGTGAGGTCCGAAGAGCTTAGACGCCTGCAAGCGTTAGATCGCAGGCCAGGCAGGTAAGTTTAAGCCCGTTGGTCGGCGTCCCAAATAGTTGTTAGGGGATGCAATAGACGTGAATCCAGCTCAGTTGAGTAAGCTTTTGTTCTGTTTTTGCAACCCGCGCCCACATTGCGGCCCTAACGGCCCATTCTGTCTATCCTTGTAGACATCTGCTGGCATCCTGGGCATAGCTGAACAGATACGCAACAACTGTTAGCTTACGGCGCCAGGGCTTGATCCGCGCTGAACTTCCGCATAAAAACACTTAAGGCCCCTTGTTTTTTGGAGTCATGAAACTCTTTACAGCATCACTTTCTTAGACGTTTCGCGAGAAGGGAGCGCCTACGACATCCAGTCTAGTCCATATTATTTGTCCAATCACTGCTATGCGCTCGTTCTTGATCTCATATCTAAACACGCGCTGCGTGGTTTGCTAACAACAACGGGAATATATGATGAGATCGCCACTCATGACATACGAAGGTTTTCCAGGATAGTCGATCTCTGGGCGTTCATACGCACCTTGGGCTTCGGGGAACTATTGGATAATTATGCGCCGATCCGAGTATAACGAGAATCGGGGAGGCCGAGGGCTGAACTATAGTCCATGATCGTCAGGCTCACAGCTACGAATAATTCATCGTACGAACATCCCATGTGGGTAACCCTAAGAGTTCTTCGGCCATGTTGGCTCTCCGACATCTTCATAAATGACCATGTGTGGCGGAGGTCGGCGGTGAGTGCCGGGCCCCTAGTAACAGATGCCAAGGCTGAGCAGAGTT,TTACTAAAGGTCTTCACCTACCATAGCCAGGTTAGGTGATTGACCCGTCCTTTCACTTTTTTACCATCAGAATCCCGGGGAGACCGTAGCCAAAGGAATCCTCGCCTTCGTCAAAACGTGGAGATACGTACATGAGTTCACAAAGCAGCCAGCGGCAACGTGAGGAGAAACCTGGTCTTGGTCGCGGCATACTAAGTTGCCTCTTACGAGGCGCAAAAGGCGCCTCCCCTTCGTCTCCGCAGACCATACTTTGCCCTAACCTCGTTCATTAAGATGCGCGTGCTTTATAAAGAATAATAGAAACTTCGCCATCGATCCACCACACTCAGACTGAAGTATTACATGACTAGTACAATGAATAAGAGGTTGCTCGGGCCTCTTTATCCGGTCGAGGAATTGGCCGACCGGCTAGCGCGTCCAATCTTCAGGGTCAATCTAAGATCGGTCCCCTATTGATCGCAACGAACAGCCTTGAACAGTTAATGAGAACAAGTGCAACGGGGGGTGATTAAGGCGCGATCCGGCAGAAATTTGGCGAGATTGGATTCAGAGGAGTACTAAATGCCTTACGGTATTATTGCTCCGCGCTGTTCCCGCTGTACTTGTGATGGGACGGTGGAAATATGGGACGCGTAGCAGCTCTACAGGTTTCTTCACGGCTACGGGAGTCGCATGGCTGTTAGCCCGATTTCGAAGAGAAGTGATGGTCCGTCTCCGTGTTTCTCGGGCACTCCTGCCCAGTCGTTGCATCTGATCCGCGAGCAAGGACAGACTGATTCACGCGTGCCGCTTGGATCATGTGATTTGTCGTTACTACAGTGAGGGTCCGACAGACGCATTGTTATCACCCCATACTCTTTTAAGTCGCCATTACTTTTGGCCTGTATTGGATCAGCGGGAGCCCCGGCTTTCCCTAGCGGACGCCAAATGCTCTGATGGCAGTTGGCCACAAGCCTATGGTCCGCCGGAGCATTGTTAGTGGATCGTTCTAGGGCGTTCG,TCCCTCACGAACTGCGTCTAATCATCAATCTACACATTTATGAGCAGTCACCACATGTTTCCCCGCTAATTAGCCGTTTGACGTACAATCTCTTCCCCGCTCCCAAAGCTTCAAGTACTTCACACGGTACTGCGTAGATGGTGCTAGCACAAATTCATTCATCTCAGAGTGAGACCGAGCTTAAATCAGGGCTTATGGCTTTCGACGACTTAAGAGGAACTGTTGCTAAGGGAAGATAAGAGTCTCTCTCAGCTGAGTCTAGCTTGGTGACGAGTGTACGAGCAGGTGGGGGGAAGTACATCTATGGGCAAGGGAACGGTGTGGCCAACTATCCGTCAGACACATGCGTGCTACGCTTATCGTACGAGTTCCGGTTGTCAGCGCGCCCACGAGACCGCATCGCACTAGTTCAATGCAAATGCCCCTTTGTTAAAGTGTCACGGCTATGATGTTACTTTATATTGATGCTTTAACCCGCCTCAAGGACTTGGTGGGCCGGAGCAACTAAGTCCTTGGAAAAGTCCACCCTCCTTAGCCGTATTGAGTGTACCGATGCCTAGTGTTGTTACCAAATAGTTTATTTTAATTTTGACCATTTGTATACCACTGCTGCGATAGTCTACCCAGTCGCCACTCGAGGTCTTATCGGGCGTAGGATTTCTCTTGATCACGAGACTCCAATATTCGAACTTATATGACTATGTTCATAGTCACGTATATCGTCAACTGGGAGTCGGTAGTTACTAGACCTCAAATTGGGCTCTGTCCAAGAGAAAGAACGCAACTATCACCGCTGTCTGATATTTTTAGACCCGTACGGGACACGGCGGAGGATTTCGCTTAGCTGGGGTCGACACCTTCTTCTTTGATGCGTTGCAATTGCCGAAGCATGCGCACCATCCGTATACAGCTTTATACTGCGCTTGCAGTTGAGCCACTAAACAGCATCCCGGACAACACCAGCTGGAATAACAGAGGATCAGGGAAGCCTGGATGAGAA,AGACATCTCGCGTAGCTGGGTCAGTGTCAACCGGCTGAAGATCAGTCCCTAACTGATCGCGCGCTACCCGCAAAGTCGCCTGGTCCAGGAACGCAATATTCTCGTAGCCACGGGTCCTTCATCCTCATCATTATCAACATATCTTCGTCATACGCTGGGCGCACTCCGATGAGACATGCCCAGTACTGGGCGCTGGTGGGCTACCGATGAGGTGTCTCGACAAGACCAGGGATCCATATGGGATCGTTATTGATGATTAGGAGGATTTCGCGCGGTTACGGACGCGTACCACCCCCCCCGAGTTGCGCTGCCGGTCCACATTATGGCTAGGGTCCTCGTGCTGACGGTAACGATAGTAGACTTCCCTGCGCAACAGAGTCATCAGATTGCTGACATGGGCGGATCGCAATGCAGGTTATGCTTGTCCACCTACCCATGCCTTAGTTACTCACTATCAATTGCTCCGTTGTTACATCGCTCAAGTTCGATCGTCATATTTGAACACATTCTTTTTAGGGCTTAACCACTCACGCTTAACAACAAAGCGTCAAAACTCTACCACCTCATGCTCCCCGTTGGTGCCGCACCCTCTAAGCCAGTCTGGGGGTGGGAAGCCAACAGCTAGTTTGGCGCAGTCTTTGCCAGACCTAATATTCGTAATAAAAGGACCTTCACACAGCGTGTCAGACGGCGCCAGCCTTCTGGTACTTACTTATTAGCTCGTGGAAACTTAAATCTGAGTAAAAGTGCTACGTTCACGGCATTGCCCTATGTAAACATTTACCTTTAGCCTCTGGATCGACAGCCAACTACTAATCCTCACATACGCTCACCAACCTGGCAAACAAGTAACATAGGCACCCTAAAGCGTAGGCGCTCCCAACAAGACACTCCGCCGCCCCGGTGAGTAGAGCCGTCGCCTCAAGCACGAATAGCCCTGCAGATACAACGAATCCCTCGACTCGCACTCATATCCCCGAGTCCCAGCAGCTTAGTGAGG,TGAATCAGTCTCGTACTACGGGTTGCTGGCCAGCAAATTACCCTGACCTTCTTTTCTGGCATACTTTCAATGCTCGAGTAATTAGGTCTAGACACTACTCCCAACAGGCTATAATGTCCCTTCCGTAGGTAGCCTACGGGTTATGAGATTTTGACGTGGTGGGGCCCATGTACGTTGACCGGCCCGATTTTCTCCCGCTAGTGGTGTGGGTGATGAAGTTTGGCAGCTGCAATAAAGTCGTACTACTGGATAGAGTACGGCTCCCAGCGGATCCTAACTTACTGCTTCCTGATAGTTACCCATCAACCCGTCGCCCGGACTGCCACCAGCCCCTGAGCGTAATGAGAGCTACGTTGTTTAGAATCGACGATCATCTACCCAGCAGAAGGGGGTAAACAGATCGGAAATTGTACTGGTACGGCTAAGCGGAGCGATAATATACCCGAAAGGGGCGTCGGCTTGCATTGCAGTCACAGACGTATGGCCCACTTTCGTATTAGGCGAGCACACGGTCGACTCCGTAGATGGGTTAGCCACATCGGTGCTCGGCGGACTGACCTGGGTGGCACCCTTCTACAGGGACCAAGCGCGACTAGTACCGACAATATAGAGCAATATTTGTCGGGGAGTGGGCCTATGGGCAACCGTGGAAAACTCAGATAATCATTCCTGGGTTCCGCTAAGGGTAGTCTACGTGTCAGCACTTAGGACGGTCCGTTCCACTAAGATCAACTCCCCCCGGTGCAGAGCCGTCTGAGGCAAACCAGCACCCCTGTGCCTGAGCAAAACTTTCTCCAGTGATGGCCGTAAGTAGATCGTAACCACTATCCACGCGTGACGTATTCTAACGTTGTCTCCAAGTTTTGGTCTCTAATGTCATCGGGTACTGTAATTGGAAACGTCGCTCATTACTAGTTGCGAGCAATAGCGATCTTTAAACGTAAAGTTTTTTGACTCGATGTAATCTGTTACATATACCACCCCAATGGCCCTGTTCAGC,TAGCAGAGAACGGGTCGAACCTGGCTAACGCTCGTGCATAATGCAGTCCCGCAGCACCAGACGGAAAGCTAAGTTCGTCATATAACGGTCTTAACCCCAAAAGCGGGCGAGCCAATGTTGACGTAAGTATCAGCCAGACTCGCTAGTTACCTTCCAATCTTGTCGGACTGGCCGTAAAAGGAGGTTAACCACTATATGCGGGGCCGCGACAGGCCTGAGATATACGCTACGTACTCTGGGCATCTGCAAGTTTAGAGGGGAGACGCGCCAAAAAGGACTACAACAGGCGCGACAAGGGGGAAGGAACTCCATCCAAGAACGCCCCGGCCTATGGCCCTAGGGAAGGGGGTGCTCAAACTAGGCGGTTGCTGAGGCTTCTTGAAGGTATGCGGACTGGGTCCCTCTTCCGCAATTGTTTCACCTGATATAGAAGAGCATTAGTTACGACTTCGCTGTGTTGCTGGGTTTCGAAAAGATCTGCGCACCAGCTGCAACGGTTGTACGCACTTGTTTTGTTGTAATTCCGAGGGTAGATTCACTCTCCGTCCGACGCTATATTACCGCAACGGTCAGATAGGAAGCGACGTAGACTTATCGCACCAAGCTAACGGTCTTGTAAAAATAATACAGCAACAACAAAAACGCACGTTCGTACTAAAATAAGTAAATCGATATGCGATGGTTCGATGGACCCGTTCCGTCGTTCCGTAATAGATCTAACGTAGCAACGGCTTCGTACGATATGGTACAGCAACCGGCTAGTTTTTGCTTAATGGCGACAGTACGCTGTCGTTGTACGTAGGAGATCTTATCTTACACGTCCCGAGTCTTAAACCCCAATGTGATCCCAAATATCGCCTGGCATAAAGAGACTTACACTAGGCGATTACGCCGTTTAATGGCTTCGTGTTGAGATTGTCCACTCGTCGGTATTACGGCTGATGCAACATTGATACCTTAGTTCTCCGTAGATAGTTGGCAATTGGCTACACTGCATTAA,GGGGGCTTGTACGAGTTAGAAGGGGAAATTACCTTAATGCGAGCTTGAAGATCTAGGTCGTATTTTGGTCACGCGGAGATTTACGAGTTGCTCGGGGGACGGCGAGGGAACTTTAAGTCGCGTATGCGGCCGATCTCATGCAGGATAGCTACAGGACGAGTTGGGCCTGGCGATTCCTACCCTTTGTCAGCATACCCCCTAATCCATTAAGATCAGCTCGTTAATGCGAATGGGTTATCAGAGGCCATGCAAGACGAACCTAATTAGTCTTATACCGGGCGCCTTCCCTCCCGGATCCTCAAGGTCATAACGCATTAAGGGGCTAAAACATTAAATTGTATACCGTGGGCTTCCGGACGCCCATGTCTCAGTCTTTAGCGCAGCAATTTCGCACGTAAAAAACGTAATCCCTTGATGGTAGTTGTGTGCACGACTCACATATGTGATTAACCATTACCCCTGTCGACATCCCTTCGCTCGCCATGAGGTGACATAAATCCATACATCTCCGTCCCGTAATTGGACTAAAAGCCCATTTCTTCTTCGCCATTTAAACTGGACTGTTAGCATGCGATTTTTAACCTCACAAGAGCGTAGATCCACTGTCGATGGCGTATAAGTGTGGCTTGCACTGTTGGTCCTTCCGGCAGCAGTACGGTTCTGAGGTGGTACGGTGGTATGTGTAGATCTCTGTTGATATTATCAATTCCCATGGCCAACTCCCGGAATCACTCATTTGTTTGGTTGACCATGGGAATAAGTGTAGCGCCTTGTCCTGTCCGAGGGACCCAACAATCTCTTGAATCTTATCTTCCACTATTCAGGACTGACTTTAGATCCGGCATTGGTACACTCTTTGTCTGCGTCCACTACCCTACGGTCGTATAAGTCAGTAGTCACGACCGTGAGTGTAGACAACGAGCGCCTGGGTGAAAGCCACAATGACTCCTAGCGACTCGCATATGAACCAAGCTTGCAAAAAGTGTGGGCGCAATGTCAC,CACAATTCTACCCTAATGCGAGGCGGGGTATCAGCTGTTGTGGTAGTCTGCGTATGCATACTTTCCACCTCAAATCTCCGAATACGATTGTACATCCCGATAATTCTGGTCCATGCCCGCCGACTGAACGTTGGAGGCCCGCAATTTTGTACCACCTTCTCCGATTATTAGCGGGCCGTTCAATCCCCAAGGTTAGCATGATAGAGGGGGCTCACCAAGGCGGCGGTCCAATTCCCGTACTGTTTATCCCTTTTCTGTAGAGCCTATGAGGAGATCGAGAAGCTACTATACCTTACTAGCGAGAAGTCCGGCTTCGTTCATGCTAGTAGATGTGATTCGCCTGCCTATCGCCATCCATACCGCACCAGTCATCTGGCCCGATCGGGTAGATGTAGCATCAGTCAATCGCCTGCTCGAGAGGGAATCGCAATTTGTCTTGATTTACATGTGGCGACCGAAGCCAACCGTCCCATAACCTCCAGATAAACTTGGAAAGAAGAAGCTTATCCGATGCCTCTGTCATATTGGACGTCGGAAAGGCACTCTGTTTGTACTGTTGCAGATCCGCTAAGTTTAGTACAGAGGTCGACTAAAGCGCGACGACTACAATACACTTATGCTATCTCTAATGAAACTATAGGGTTTTGGCTCGTCACGTCCCTCACGTTGATTCAATGATAATCCGAAGCGAAGCCAGGCTACTCCAACTCAGTGGTTGCGAACCCGCACAATGCTCAAGTGGTATATAATCCCGTTGATGCACAACTTCGATCCTATGCGGCGTCCTTTAGCCTGGTTGATTGACACGTGTGACTGGATTCGATGTGGCGATTACGACATCCGTCCACACGAATCTAACTCTCAATCTCTACCTTGGCAAGTGATGAAGTGCATAAGAAAGGTGTACTTTTACTTGCACATTGGCTAGCCCGTAATGTCTACACCCCTCGCTGTCGCTCAAGACTGCCGCACAGTACGCATACGACCCCAAGTGAATGAA,GAAAGCAATGGTACTATTATGGTGCCTGGCTGTCCCACTGCCGTACCGTCTCACTCCACGATCCCTGTTAGTATTGGAGCCATCCGGCCCGTTATAGTTTAGACATCCTCTAGGTCGTCTTTAGAAAGCTGTCGGCTTTAACAGACCTATTCCAGTTTAATCAAATCCTAGTCACCGCTACCCAACATAAGACAACACCGTTGACACGGCAATAGCCGGATAGCATTTCGCTGGAGTCCAGTAGTCTGCCAAACAACTCGTATATGAGTCAAATTGGGAAGAAGTGAATCCATCTGTTACACAACTGTTACAGACAGCCTAGACTCAATTTCGCTGCCTTCACAGAATTGACATGTGGAACTAGTAACGGTGAATTTGAAAGTTGCCCGCCTGCCCGCTCTTTACTTTTTCATGTAAGCCAGAAATGGATCATAGGGGTTGGCAGACGCTAACACCGCGCTGCATAGCTAGACCACGCGCCGGGTCGTGGTTCCCGATGGGCCTTATATACGTAAAGGAAGGTCTGTCGAGTAGTGTGAGTAGCAAGATGCTGGATAATAGGCTCTGGCACACGAGCCGTAGTGGTCATGCCCTTGCATCGTATACGGCGCGTCCGATGGACATGGCCTATGCATAAGGAAAGCCCTCCCGGAACAACCTTCATGAATCCCATGATTCGCGATGGGTCGCGGCGAGATATCCTGTCTCATTTTTCCCCAACATTGAAGCCGGATAAACATAACTACGTTGCAACAGTACCGTTTCACTCATGTGTCACCAGACGCACGTCAGTCCAGGATCCAACGGTGAGCGCGACCGGTATATCCCAGGCGATAGCTGAAACCGCGAAGCCCCTTTATCTCTATTGGAAGATAAGAATGACAGGCGTGTCTCCTACTGGGAATCTGTAATCGACACGATAATGCCACGCATGCAAACGCCATCTGATCTTATCGCATCCCCTGCCTTCCGGAGTAAGAATACCCTAAGAAATCCATAG,GAGAGCGAAAAATGGCAGCGGAACTGTTCGTTATTCTTACCACTTGCGACCACGGAAACATTAAAAGGAACCGTCCCGGTGGCATAAATGAATGCTTGTTTTGCTACGCACCCCTGCACCACCAGTGTATTTGTTAAGGAAGCATATAAGCTGGACATCAACGTTTATGCTCTGAGCAATGCAACACTGGCGCAAGTTTGTTCGTTGTGATGCGAAGGTTCACCACTCGAGAACCGGTCTGCACCAAGAGCATGCCGGTAACCTCCTCGCTATACATGCTATTCGACTGAATGGCCCCCCCTGTAAGCGCTCGAGCCGTCTGTCACCGTCTTATCCCTCATACCGAGCTCTCCGTTCACGGGATGCCATTCCCGGTCAGCAGACTTTGATGTACGGACTACACCTTTGCGTTCTAAGACACCACCTAAGGGACTCATACCTGTATAGGCTCCTGTGACCGGAAATTGCCCTTTTAGAGGAGGGCGCTCAAGTCCTGGTTGGAGATGATAGTGAAAAGCTATAACCATATACATGCCTCGTCTAGTACCACTCCTAGCGTAAACAACACTCTGGCCAGCAGGTCTGTGGGTATAATTCCAACCTCCGTGTGGCGTAGGCCCCTCTCTAGCGTTCAGATTCACTGAGTGCCATTGCCGTCACGGTCGGCGGAATGACTAGCAGTCCATTTAGTGCTGGTGCGAACCAATCGTTACAGGCACAGCTGGCATGATTAACCAGAGCCCTATTTAGTCCTGACTCTTTGCACTGCTAGATGTGAAGCTATATCATATCTTCCTGCCAATTCTTTACATTTGTAACCTCTTAAAGTCAAATTTCCAATTAGGCTTGCGCGGTAGATGGACTGATATCGTATTCCGTAGGGCGGTAACGTTCCCAAATCTACCTACCTTTTTCGCCCACCATTGACGTAAGTGTTCACTGACATAGGAGATTTCGCTATTGTTATTCTCTTCACGGACGTGTCCCGAATTCCTCGGTA,TAGTATAAAACGTCACTCTTAAACGTCACGGTTTATTCACGACACTTTCCAGTAAACCATTGCCATGTTCCGGGAGCTGACGCTCAGTGCAGCCGCGCTGGCCTTTATATCCTGGTACATTGGATCAAACCGGCCCGGCGATCTGGCTCCTGAAATCAGGTTGCGGATACCATCACGCGCGACCTGGTGTTTCAACGTGGACGTGTCGGATTGGTGGGAAACAGTCTGACCCACTTTTCTCACCACCAGCCCAGTAGGCTACGCCTCCCTCGACTAGAAGGCCAAGGTCGAATCGCAAGCCTGATCTCCGCATAGAAGTCACACTCTGAGATTGTACTCTGGACTTAGAAACCTCACAAATACTCTATTAAGAACTTCGACAAAAATAGTAAATGCGAAAGCCCTGTATTCGGAGGGCTCTTTGACAACAGTCGCTGAGCGAAGAGGGCTAAAATGGCACAGACACCCTAGAGTCTCGGAGAATTGCGGTAGAAGTAATCCCTCTCAACCAGGCGCGTATGGGTCAAAACGCCGACCTAGAGGGTTCAAGAGTTTCTGTATAGTAGACGTGGCACTTTTCCGTGCTAGGTAAGGACGCATTTGCGAAGTATGACATTACTCACTAGAAGTAGCCTCATCCCATGTGCATATATTTCCTTATATTACATATTCCCGGCAGATGCCTCTCCTTCGAGAAACTTATTATCTAAAAAAGGCGGTTCTGTCCTGGCTAGCTACGGCTCGCTATGAGAGTATATGTTCAATGGCGACAAGAGGTATTCCGACCACAAATTCCTCGCTACACGGTGCAGCGCGCCGGGAGCACCCCGGTGTAGTCCAGAATGTCACATCTGAGTACCAGTCCGTATACTAGTGACGGAAGATACAGGCGTACTTGGCTTGTCATCTTATGGATAGCACTCTGTTTTTTCTCTAACAGCGAGTTAGAGGGATCAAAGAGCACTTGGCACGCCCATAATGAGACGCTAAAGCTGGTCCA,TTTCATAACTTCTGTGCTTCACCGTCGCGGGTGGCCACTTCTGAGTTCTGGCCGACGGCGGACCTGGCCTTTTTGTCGAGCGCCTGCTCTAGCGGATTAACAGGCCGAGGTTGGCCCTTGGCTGAAACGAGGGTTTAAGTGCCTGCAGCCGGCTCCACTCCGAGCCCACTTGTCCGGAGGCCGATCAATAACAAGTATGCCAGTCTATAGTCGATGGGAGTGACAGTTCTAGGAGGCCGAATGGCTCGCAGAACCAAGTCAAACAAGGCAACCTTTCAATGGCGTGGTGAATCATGTACTGCGGCTGAACCGGAATATCTTATGTCACTCGGTATTTGTATTATGTGGATTGCGACAACACACCGGACACGTTACCATGTTGCACTACCACGCCGTTTCGGCTGTGGGGCTGCACCATATCAACGTTTCCCTGTGTATAGCTTCTCTCGATGCTTATTCCTACTTAGATAATTAAAGACACATCTTCCGCCAACGACGTAATGACTTTATTGCGTTAAACTGCTTATTGAATCGGGGGCAGTTAAGCATCCAGCGGCAGTCGGCCATTCTTGGTGAGTCACCTCTCACACTCCCGGCCTTGCGGTGAGATCACCAAAATGTTAAGCAAGACGGGGTACTTTTGTGCCATTGTATTCTCACATAAATTTCCGTGGCCAAACATTCCTTCATCGATGATCCAGGTCATTCTAAAATAAAACATTCCGTCGGGTTGTGACCTATTCGCACCCGGTAATTGCGAGGGACGGTAACACCCTCGAGTATAATGGCACCTCAATCACCGGGCGGAACCAAAAAACGACATAGGGAAGACTGGAGTACCGCTACTGACTCATTCTATTCACTATGTAAGGCGTAATAGTACGGCTGGGGAGCAGTCTCTTTGATTGGTTCAAGTACACGTCGTGCTGCCGCAGGTGTGACTGGGTTGAAAATCTCGTGGCAAGAGCGCTGATTAGTCTGAGCTCCCGGTCCAACTAGA,ACAATAGGGGTTCCCCCTTCCATCCGCTAATCATGATTAGCGCATGATGTAAAAAGGCCGTGAGCCACAGATTTCTATCTATGTTGTTTCGTAGGCACCAGGTCTGGGGTGTCTCCATCTGAATGTCTTCCAGCCTCCTGGGAAGGCAGATTAGCCCTCTGCGCCCTAGGCTTCCAAAGAATACATGCGCTCGAAGTACCACATCCGTCTCAGATCCAGGACACACCGGTTCAATCGGGAGCGTTAACTTAGTATAACACTGCTGGCGCAGTTTCCCGCGAGGCAGAGCCGAAGCGATCGTAATCTTTCCACTAGGAATGTACGTCATGGGCCCTCGGTGGGGGGGTATGCATCCGTTAAGCCCTATCGATAGGATTACACATAAGTTGCGACTCCGTAATAAAAATACGCAGGTTGTTGACTGCCGAAGGGGTCATACTGAATGACGAGATGTCCGTCGTTTGTGCCTTGGCGCGAGGTGCTCACGCATTAAGGGCTGTGGTTCTTTCGTCAAAAGTTCGGGTGCCCTTAGAATACTTTACCGGCAGATTGGAAAAGGCAGCACATGATGGGCTGCACATAAACAGGGTTTACACATCCATCACTCACACACTGAAAGTACCGTTACATTGTGCTGTAATATCGGAAACCCTCGACGGCAATCTATGACGTCAAGGATAGGGACTGTGTTAGTCTGCTAAGTCTTGGGACGCCCTGCTACGTTCTCGCGAGACAATATATCTGCCGTGTCAGCTTCAAGCGTATCGCTCGCCAGGTACTGGTTACTATGGCGCCCACTGTGATTCCGGGCAAGGGGCAAACAGGGGGCCTTTGTCGGTTGAACATAATGGCAAAGACGCCAAGTTGAAACTAGGGACAAAAGCTGGTAATCGTATCTCGAGATAGCGCCGTCCCCCCCATTTGGCCTCCTTGTCAGCAGGGAACAGAAGTTCTCGCTTGGTATCCCTATGTATAGCCATAAATCAACCCCTAATGCACA,262f7890-3358-416b-92e9-be14de3ef35b,F,AGGTGTGATTCAACGTACGCATGATACAAGCAAGAAAGGATGCAGGGTGCCCTCAGAGTTTTACATGCTCGGTCTACGATATCCTTGATTGTCATGTTAAACGCAGAGATCAGAAGCTATGTACTGTTATAAGCGACGTACCAGTCCCGATCAATGTCCTCAGAGTGAAGTAGAGCGATCTCGAGATACAAGTGAAAAGCCTGCAGTTATCTGCGCGGGGGAAATTAATCGTCGTTATTGCTGAATTCCTCGCAAGTTTTCTTCATGATTGCGACGAAATGTGATGAAAGAGGATCTTGGCCTAGCACTGCTTGTTTTGGAACAGCGGCATTATTGACCCCGCTCCCGGCAATGCAATATAAATATATTAATTTGTGCTCTAATTTAGCATCCCGGGGCACCACTTTTTGACCTTCCGGAAAAGCTAATTCATTTCCACGAGTTAGCAGCGGGATCTTATATTCCACGCGGTTACGTTATAGTTCGTTATATTCGTGAACGGGCCCCTATGCGTGGCAGTAAGGAAATTTAATAGTGCGTAGCTTATGTTGCACTCCAACCATGCCCGCTACGTTTTCAATGTACGACGAAAAAAATTCGTCATATGCCGGGTTCCTCAGTCGAAAGGCCAGATAATTTTTACATAACAAATAAGTGGCGTGGGATTCTATCGATCGAATTGGGTGCGTTGACACGCTCTTTGCACCGATGTGTACAAAGGGCAGCTAAAAAAATCGGCACGGATCTATCACCAAGAGGGTAGAATTTACATCGTGGTCTGTAATTGTACATCGTTCGTCAAGCTCCTCGACAGAATATCCAGAGTTTGAACTGGAATATCAACCCACACGAGGTTTATTCGCGCAGTTACTGCCTGGTCGATGGAAGACTAAGCACCCCTAACGGACCCAACTGGCCGAGCTCGGCAACGGAAGTCTCCACCGCAATTATCATCCCTGCTCGCAGCGCGGTTGGGGGGCGCATAGACAGAAGGCTGGCG,GTTCTGTCGGCATCACGCACCCCCTCGGGACCAATATTCACATTCATTCATCGTATTTCCCGACCCCCCGGCTAGCCGCTTTGCCGCCCAGGGAGCACTGCGGAGGTTACCAAGTCCACGCCTAGGCCATGGCCTAGAGGGCCCTAGAAGGGTCATGCACTAGGTTAGCGGGTAAGGTACCAAGGCAGTCACAAAGTGTCATACTTTAGATCATCGGTTTGCCCTTTACCTCTTTGTGCCGCCGGTACTGCCAGATCACGGTGAAGTTTAGGGGCTCAGGCTCAATTGGGTGAATCATAACCTCAAGCGTGGCCGCAAGCGCAAACAGCTTACGTATGGCTAAGGCCATAAGGGCTGAATTTTGCGAGACATCGACAATCACTCCAACTGACTTTCATAGCAATCTGCGCCCAAACTTGAGAGATGTCTGAATCGCTCCGCTAACAAGGACCAGTGCATTGGGTAAACTTTAAACGGTGACTTGCCCGGTTATCACCCCGGTGACAGGGTGTAATATTCTACAAGAGTGTCATCCACCCTTGGATCCGTTCTAGTCTACTACTCTGGGAATAACGGCAATAACCGCTCGGACACCCGTGAAGCGCAGAGCAAGAGTTCTCTGGAGCGGTCGGATATGCATGGGGTCTGTTGAACGCTCACGAACTGTCTTATCTCCCGCCGCTGGCCGGTTATCCTTGGCTAGATCCGGTCAATGCGGAAGTAGCGTCCATGAGCAGCACCGGACAACTGTGCTTATGCTGATGCCTCGCAAAAATCCTAGAGTTGGCTCACTCAGTCGCAGAGGCTATAATGTACGGCTAAGGTCTCCAGAAGTACTTAGCGCGGAGGGTGGGGAGTGATAGCGGGTCCAAAGAATTTCTAGAAGCGCGTCTTCAGCCTCTAGCTTTAAAACGGCACAGTAGTCAACTTTTGTGAGCGCTCGAAGCCTACGTTCCTCAGGTCAATGTCGGACCTGTTATCTTTCGTGAGATATGTCGAC,CTCCAGTAGGGGCTGATAACATTCTCATGTGAACTCCCAGAGCCGCAGTGATAGCTCTGGAAAGAGGTGTTGACCTTCCAATGGGCCAGGTCTGGGGGTTTCGCATAACGTAGGTCAGGCGACCGACGGATCAAAAAAATACTTCGTCGTGCGAGGTCATGCCGAAGGCCTGTTGCTGCCGGTCGTGGGCTTGGCTGTCTAGGATGCAGGTGGCCCGTATGGATGATAAGTGCAAGAGAGTTGTCTAGGGATATACGACCCATTACGTCGCTATCGCGACAATCATACAAATCGGTACATCCGTAAAGCCGTAACTGGTTTGCTCCCGAGAACAACGCCTAGAAGTCGCATTACTAGCTGTCTTATCGTATAAACCCACGGGTGTATTCCGTAGGAGTAGATATTTATTTCCCATCGGTTATGAAAGTGACTTAAAAAGTACGGGCTCCCCGGTTTACCGATAATCCCGTGACAGGGTGACGTGCCGCTCCACTTAATAACGTGATTAATAATGAGACGTCCTTTGGGTGTGAACTTAGGATTCCTGGTGCTGGGTGATGAGCCGGTACACAACTCACGGGTTACGCTTAACCAAACACTTGCGTTGATGGTACCAGCGAACCGCTGGCCCACGACGGTGCTCTTTGGGGCCTCGGGAGTGAGGCTCGGCGGTAACACATGCACGTTCGGGAGCGTTCAGAAAACTGTAATCGCTGAACGCACCGAAGTCTAATAGGCCCCTCCTGGTATATGCTGCTTGCGCCGCTGTCTATCCCCCTATCCCGGCGAGCACACCAACGACCACGCCATGGATTTGAGCATGATTTACCGAACCGGTCTTAAGCAACACATGCACCTCCATATGCGGCCCATTTGACGAGCTCGTACAGTCCGTTGACGTACCCAGGGCCGGATGTGATGCACATCATATTGCGTACGGCAACGGGCGCTTCGAGGCACCCTAGGGCTTGTAGAACTCGGGCGACGTCTCCCGACGCCA,GCGAAAGCAGATGATTTCTGGGCTAGGGTCGGCTTCTAACGGATACCCGGAAGATTTTGGTCAACTACGCGCAATCTGGTATACAAGAGTGATGCCGCCGGCTCTCTCTTCTCGTGCTGCCTAAATGAACGATCCACCGGTATCCTCCCAGAGCGTCCAACACAATTTGATCCTACGTTTATCCGGTCAGTAAGCTAACACTTAGGGGAGGAAGCGCGTTGGCTAGACGATTATTACTTGCATGAGGTCCTGGCCGATTATATTAGGCTTTGCTCAGTCTAGGTTCTCGGAGCCGGCGCTCATGTCCTGCGTCGCGACCTCATCGCAGTATGCAACTAAGCTAGGTCTGCTCCGGTAAGCATAGAGAAGGCTTTTAGTGATAGCTCCGCACAGCTGCCCTCGTGGCAACCGTGCTTGTCGCAATGGCGCCATCAAGCTTAATTTCCTGCTAAATGATCGCTAGAGTGCTAGGTCAGCGTCTATGGCTTATCTTTCGGTTAAACACGTGGGCCGGGTTTTTGGCGATCGGTTTTGACTGGCGTGACTCGGCGATGGTTCCTATTTCGCTTCAGACAAACAGTACTCAATAAGCAAAGTAAGCGGAGTGACGTGGCGTCTTGACTGCGTGGCCATGTCAATTGAGTGATGGCACGACGCGAGATCAAGGCCAACATCCAGTAGGGTAATTACACCATAATAGCTTCCTCAATTGCCTTCCGCTACCATCGTGGAACGCCAGAGCCGCCTCCTCCTTCACTAGCGATGAGAATCCCGACCAAACCGATGGAAAGCTGGTTTGACCGCGAAGAGCACTCTTAGATTTAGGCCGTGAACTATTGTACGGAAGCTTGATCATCCTCAAAAGGCGGCATTCTGCCGAGAATAGCACAATACCACACCCACTTGAGAGGTGCCCTCATGGATTTCGTTAATTTGAGAGCGAGCGTGGGAACATTGGACCGCGTGCCATTGATGTTCCAAACAATACTCGCACGAAGCC,CCGCGACTACCAGGCCGACACGACCACCTGAGCGGAAAAACGAGGGTACCATAGCTAGCCTTAAGGCTGACTATCTGTCCCCGACGGTCATGTGATCAACGGACCGAATATAAATCAGTGATGTGTCTTTCATTATTACTGAAAATCTCACAACGTCTGACGTGAAATTCTACGCCCACGTAAAGGCTGGCACTGCTTGGACCACAATCAATTCTTCCCATCTAATAATTTAGCGGCCAAGCATAATGTTCGTTATTTGAGCGTGGCGATGGTCGAGCTGGTGGCATATTGTCGCACAGCTGGTTTCGCCCTGGTCCCCTCCGAGCCAGGCGTGGCTAAAGGAACTGGTTTAAGTCGTTCCCAACGTCTACTTGGATCTAGAGGCGGAGTTCAAAGGTGCTCAATAACTTCGCTTAGTGGGAGGTTCGCCGAAGTAGTTGATCGAAAGATCCAAGTTGCCATTGTCCACTTGAGTGATGAGACCGATTCGTTAGCGTAGCATGAATAAACCAGAGACGGAGAAAACCGACACATGGTTTTGACGATGCCAGAGCAATTTCTTAGGCTAATATTTTTGACCTAGAGTTGGGTAGTCGATACGCGCGGGCCCTGAATCTATGGAGACGGGATACAATGTCGGTATCCGAGCCTCCGATGTCATAAAATCATCCTTAACCGTAGGTGCGACACACTTCTCAAAGGAGTAACGGACAACGGGATGAACCGATCTGGTATATAGTTTCATCTAAGGCCCCTGGCGTTATATAGCGCGGGGCCCTTACCGTACCTGGCCACCGCGGTGATGACAGCAGACCTAGTTAACTTCATAATAACTAAAGGCGTCCCGGTGTTTGGGCAATGTTTCTTATTCGTTATATTAGGACAGCACTAAAACGCCATCACTACAACATAACGCTGAGGATGTCAACTTTCACTACCCCGTAAAAACCGTCTCCGAATACCCAGCTACGACTTGCTAGTAGAGAGAGAATACTATGGG,CCTTGCGATTAAAAGCCAATGCGTATTTAGTGTCTCGTTACACAGGGGTCTAGTCTTGGGTTAGGGACGAGAGTAATTATAGCGAACGGTCAAAAGTACTACAAATACCTCTTAAGCGGTATTCTATTACACTGTCTAGAATTTCCACTGGTTTCAGTCCAATTCAGCGCCAGTATTCTTTATTTAGAGACACTACGGTGCGCCCCATCTAGTAAGCTTCTATGGTCTAAGCGACCAATTGGCACCGAGTCGTGTAGGACGTATCGCGGTATATTAGTCCTGTTGTGGTCCTAACTAGTAGACGAGAGTTTTGCGTAGCGACATATAGTCCATTATCCTTTTTCCCAGGTACGCCTCCTTGATCGACGTGCGGAAGGCGACATACGCAGACAGTGCTCCGGTAAGTCCTCAACTTCTATGGGCGTTCGCGACAAAGCCGCGATAAGGCAATAAAATACAGAAAGAAGTCTCCTTAAAGCTGAGAGTGTAGGGGCCTGTATACCGCCGGTTCATTTGCGGGTATTATATAAAGCGGAATTTGTCCTCTTGCAAGGGGGACCCTAGACCTGAATGCTCGGCCGAGCGAGTTATAGGCGATAGCAAAGAGTGATGCCTGGAGTAGCTTCTCGCAATACGTACAGACAGATGACGAACTATAGGCTTTCGCTTACACCACAACTCCGTGTAGAACCCGAACTTTGACGCACCGTCATTATTCCGGATAATTGTGCTGATCAAGAGAGCTGGTGCGGCACGTTTGACCGGCCTCGCCCTGTTCGCGATTTAGCTGGTTAAAGGGGGGGCAAAGAGATAGACATCGTGATCTAAATGTCCGAAAGCCCATTGTTACAGCATAAATCGGGAAAGACAGTTATTAGGGCTCCCGTTTGATGCAGCCCACGCTTTCTCCTGTAGCCGAGCAATTCAGCACTGTTAGACCTACTGGGTTCTGTATGGCATCCACGAGCGCGCTTGAGGCCGGAGAACTCTCGTACTGTGT,CGTAGAGCTCCAGTCATTACTTGGATTGGGTGCGGATGTCGACCCCACATTCTACGATTGAGACCTCGACCGACTCTTTGTTATGAAAATATCGAATAGTGGCTCGGCATAATTGGTCGCGAAAGCCAATTCAGTACGGCACTTCCAACCCCGGAACCTTCGGATGTTTATGTGCGGTTGTAGCCTTCAACGATAAGTGACATCGAACTTTCAAGATAACCGCCATTATCAGAGCCTAATTGGCCTTAGCTTGCCGGCAAGTAGACCGCCCTGTCGGAACGGCGGATCAGAAACGCACCATAATTCGCAATCTTAAACAACAATGGAGCCGCGGCGACTCGCATAACCCTTGGAAGGGCTCACCGTACTCAAGCCCAGCAGACACGCCATATACCCATGGCGCATCTGATCTTGGGGTCTCTATCTGAGCAACTCATTATGGAGGGGCCAACTAGCCTATCGCCACCGGCACGAGGAATCTTGTGCGTCTTGCCGATAAATCCCGACAGCGGTTATGCACCACCTAGAGAGGATTAGGTGCCGTATCTGCAGCTCACTTGCCCGCCGAATGAAGCGGATTCTCATATTGCTTACCTCTATTGCAGGGCCGGCCCACCTAGAAACCCCGGATTGATCATCGCATCGTCTGAGATATCATTGATGCGGTGTTCATAGCGTCTGATCTATTCAGACGGCAAGGGCTCGGTTGCAATTCACACGATACCCGCTTTCGACTGGACCATCGCCAGTCATAACGTTGGATCGTTATCCTCTACCACACAGCGACCGGGACCGACGACTCCGACGTTAACTAGCCACCTCGAATAAACGAACTCCATGAACCCGCAAATTTCGGCAACTTATTCACTTCCCTTCCACGGCACTGGGAATTGTGGACGTAATCCGTCCTACGCAGACGAGAGAACGGTCTATGAACATACATTAACCAATCTGCAGTAGCTTATATAACAATGCTTGACACATGCGAAAATCGGCCCGC,TGTCGGTAGTCTTTCCAGATCAGAACCTTCACTTTCTCAGACCCTTTGATTACACGGGTTCAACTTACGTGCCTCTGCCTCGATTTAGGGAATGACTGAGAGGGTGTTAATTAGATATGCATGCGGGCTTAATACCAACGCGGAAGCCAACTCGAGGCTACGGCATACGTGCACGAGCAGACAGCTCTCTTACAATAACAGAGTGCTTATCGTTCATGAAGCCTATGGGCTGATTTCGGAGATTCGAAATGCCACCAATGACAGGCTTGGGAACTGTATATCGATCGATAAGCAGGCTGCGCGCGGGCTAGTGGCGGATAGAAAAAGGCTTTACATGCTTTACACAACGATCCGCCCTTACTTACGCACATATTGACGTGAGCGTCGTTTCGCAGAAATCGGATCGGATTGGCAAATAAGTTTACTTAGTACCGGGTGCCGAGCTACTGTTGGGGTCTCCACTATGCCCGCTCATAGAACCGCAGCTATAATGGGGTGAAGAATACACCTAGATATGAACACTGATTCTAGCGACTGCCTCTGGATGGAATAATTTAATGGCTTGTGTATGTGCGGGAGGTCTAGACCCCAACATGGACCGGTGAGGGGATCCCCGCAAATACTTCTCGAGGGAGAGAGACTTTGCTTGAAAAGCTACACGTCAAAAATATTTTCTAGGCATAAGCTGACGGGATAACTGCCCATTCCAGAACATAGCGCCAACCCGTAAAGCCTATATACAAGCGCCCCATACACCGCTGAGTGTTGTCTGCAAACAAAAATTTCTTTGGGTTAATACCTGTCATCAACTCCTTCACTATGCAGTCGGTGGACTCTACTGCTCCACATGGACATGTGTATTCGTACACGTCAAGTCGGTGGGCGAACATCGAGCTCGAATTTTACTGTCTCTGAATAATCCACTCAACAAATCGATTGAATTATCGGTGCCTAATCCCAGTTGTAGCAAAGCGTCAATCGTCTGCGCGCATTCATTCGA,ATGCCCCCCCGGATCGCTCCCTGGTAGGTGTGCTTGGTTTAATTATCGACACTTCGTAGGCCCGAGGAGGCTTTCATAATCACGATATTTGAGACCTGCTACTCGTCCGATAATCTAACTATTGTGACGCGAATCTGGCCCGCGTATGAACGACGAATAGATTAGGACTCCTTACGATTAATCCCAAGCACTGATTGCGATGTAGTCGGAGCATGAGCACATATTGCCGCTACCATGTTGGTCAGTCTTGGACGATTCAGTACAACGGGCGCGTTGGACTCATTAGGCGCTTTTTCGGACAGTCATCCGTGCAATTAAATCATCAGCCTGCACATAATATAATAGGGAACATTCACTTCCTGGGCCGGTGAGAAGCACTTTGTTTAGGTCTTACGTGTCAACGACCTAGGGTTGCCCTAAGTTCATGTAAACCTGCTTCATGTTAATGTATGGAGCAGGCCGAAGGCATCAAGGCGCGTCATCCTTTCCACTCTGCTTGCGGACGAATGTTGAATGTATTAAAACTGAGGTACACACTCTCTGCATGCGCGTGGCCCATTCTAGGCTTGTCGCCCGTCACGGATATCTCGGACCGCTAAACTATGCATAACTTCGAGCACGGTTCAACGAGCGTTCATACATAAGTCGTCTGACGGATCCTTACGGTCTAACAGTTCCGGTGGATTCTTGGTGTGTCAGGTGTATAAACTGTTATTCCGCCTAGCGTTTTCACGATTATCGGATGACCCCACATCAACCGCTGATCGTGTCACTCAGGTTACCGAAAACTCGGATATGATACTTTCCTATACCTCGCTCATCTCCTTACTACTTGACACGAGTGTATGGGCGCTCAATAGGCGGTGCTGTTTCCCCAGACCACGTCACAGCAGATGACCATACAAGTTTCTAACTGCTGCACACGGAGTCCCTACCATAAGGAGTTGGGGCTCTATATCTATCTTTTGCCGTTTCTGCTCCCGTAACATCCGGCGCCTCT,TTAATAGATGAGTGCGCGGCAATTGTAACCATAGACAATCGGCAGCCTAGATGAATATTTGGATTTATTGGGTTTTTATCCGTAGACGGAAATGTCGCTATGGGAGAGACGATCCACATTCTGTTGAAGGAAATGGGGAAGTCGGGCTTTGCTCGAGGGCACCGCTCGTTCCGGATCATTTAGACACTCCAGGATCAATTTGGTTTGTACGTGAGCATTGCATCTAGCGGGCCCCAACCAGACGCAGAAGAGGACTCCATTGCCGTGCGTGTCACAGATATGGTGGCAAAGGTTGCTAAACACCACCTCCTATTGGCCCATTTTGTACCTGAGACGTGCTACACAACAAGGACGTGGCGATCTATCTGAGTAGACAGTCTGACGTACCGAACTCTCGCCAGTGGACCGAATGTCGAGCATACGTATGATAACATTCCGGGACACTAAGTACTCGCTGAATCTGTAACCTACTGGACCGTAGGATCTATGTCTTATTGAGAGACGCGCTAAACCCGCTGAAGTAACGAAAACATTAATATACCGCGGTGATCGTTTAGGAGCCGCACTTGCTGCGTTGTCGTCTTCGCCCACCCAACGCTGTGGGGCCGGACACGGATTCTGAGTTTTGCTTTTCGCGACGAGTATTAATTATTCTAAACCAAGCCGTGTATTCACCAGCCATAAGTCCCGTTAGGACTTGATTCTACCTCCTCCCAGATCGTGGGCCACAAGTCAGGATAGTTCTATACTCGCGAAGATGACATCGACTACACCGTCAGCTTAATCTGTCGGAGGGACAAGGGTGGTTGCAGGGCAGGCCTTGTGTCACAACTTGGTTGTCCCCTATCCAAAAAGTCGGCCTACTAGTCCGGTGTTGATTGAGATTCACGGGCTATGTTACTATGGGAGTAATGAGTCGGGGCTCAATAAGGGCTCCTGATAGACTCTCATAAGGACTTTAACTAAGACCAGGACGGTAAGTTAACCGTACATACTTTGC,TCTACGTTCGACCACAGACTAATCCTTCGCGACGCCGTGGATTGTTGCGCTTTTCCCCCTCCACGTTTTCATTGTCCCCGTTGGGGAAAACATAGCGATCCCATACCTTGGACAGTATATCCAAGTCGCTGGCCCTAGGGAAACTAGTATTCGTGGCCGATAACCAGCAACAAGTGCTTATTCTCTGGAAAGCATTACGTATTCTCTGGCGCATGAAAACATATGCTCATAGTTCGCCCAGAACGTGTTGCCGACGACTACACAACCTAGGTGGAAATGTCCAGATGTTTGACGGTTGTCCACAGAGTAGGCCGAACCGAACTCTTTTCGACAACTATCACAAATTACCGTACATCCCCTGGTGCCGTTACGCATATGGTGAAGGTAGTGTACCTCGTGACGGTTCTTACCGGTCGTGCCCCAGCAACGGATTAACGCCTCATGCCCTACCATTTTAAAGGAGATTCCCTCCAGGGTCACCTGCGTGTAAGCGCTTGGGACAGTTGAAGGGTATAAGAATGGATGTAAGCCGCGTGTTACGTGCATAAGTCACCTTACAAGCAATTCCACGATCGACTGAAATGGGGAGTAAGACCGGGTAAGAGCTATTGTTGTGATTGACGTGCATGGGTTGACGGCGGATTCATGCGGTCTGAATGAAATATCAATGGGCATGGACAATCTATGGCGCGCCCACGGATTATGTCTTAGCTGCGTCAGCGATGTTCTGTCAGTACCTGTTGGTGCGCCATTTTACCTGGGACCGCCTGAGCGGCCTAATAGCAGTAGGGGTAGCCTGCAGCCTCTTCGCACGACGCAAGGTGCTGTTCGACTATGCTGCCAGTTATGGTAACCGCCCTAATCGCTGCTCAACCAACTTAACCACCTGGACCTTATAACCAAAGCTCATCTGCGCCTAAAAGCTAGTTCCCTATTGCTCTCTGAGTTCCTCGGACACGGCTACGGTGTACCTCGTGTCTACTCTTTGAAGAATCAAGGA,GAGACTATTCCACTTGAGGATGGGCACGCAGGCCTTGTAAGCTTAGAATAGCATCCCCGCTGTGTCAACCCATCTTCGCCCACGTGTCCCCAAGGATTCGTTACCAGTCATTGAGTATGTACGCAAACTGGACAGCAAAATGATTGCTCTTGGCTTGAGGTTATGTGCTCCGTCAAGCGGAGGTACGCAGATTCTAGCTAAGGGAGTTTGCGGTCGAATCAATTATCCCAGCCTAGAGCATAGCAAGCACTTAAAAGTTATTCCCTAAAACAGCGGATCCAGAGATGAGAATACGCAGGCTCACAGAAAATAGACCCGCGATTAGCACATTCCGCGAGTTAATGGAGGTAGTCCGGATTTCGTTTCACACTATCCCATGCAAAATGCTCTACACCGTTTAGATGTTGAAGTGCCGTACACTCTCCGCCTGTGGGGAGACGTGATTCCTTGAGTCGATTGCCAGCCGACCTGCCCTGTAAGGCCCGTCATGCGTGGCTTCTTTCTCTTCGCCCGACCAGTTAGCCATATGGGCAACGTCTAGGGTATGACGGAATGGCAGGTGCTGCGCCATCTTTTTGCCATGAACGTATCGCCACCGGTATCACATTTGAGCGGAAGTAGAGACCCTTTCGGGAGCTATCGTTTGTCCTACGCGGTACTTACGCTCCGGCAGATCGGAACATTCGGCGATATATACGAAGGTTTTCCAGGATAGTCGATCTCTGGGCGTTCATACGCACCTTGGGCTTCGGGGAACTATTGGATAATTATGCGCCGATCCGAGTATAACGAGAATCGGGGAGGCCGAGGGCTGAACTATAGTCCATGATCGTCAGGCTCACAGCTACGAATAATTCATCGTACGAACATCCCATGTGGGTAACCCTAAGAGTTCTTCGGCCATGTTGGCTCTCCGACATCTTCATAAATGACCATGTGTGGCGGAGGTCGGCGGTGAGTGCCGGGCCCCTAGTAACAGATGCCAAGGCTGAGCAGAGTT,AACCCGTGAGGGGAGTTGCACTCAGGGGGTTTCAAACGACTCGAAATAGATCGGTAGAATACTCCATCAATACGTGTACCTCTTCACCAGCTCTCAAAGTTTAGCGATTGAAATTGTCCAGCTAACTGTATCACGCGAGTTAGCGTTTCTAAGGGTGGAACGAACAGCCAGTGGACGATGGAGTTAGTCCGGGCGGAACGTGGCCCGCGCGTGGTAAGTTGGTAGACGCCGTATGCACCTCGTGGGACAAGCGATAGCGGGCCGCCCATGATCTGGCCATCGTTCGAGTCATCTAACCTCGAACCGGGGGTAGTCAATCACGCAAAGCAACCGGTAGGCCTATTCATAGCACTGGTCAGCCCGCGCACCCTCTAGCCAATTGGTGTTCATTGGGCTCGTCAGAATGTTCCGTCGCGTATACGTATTCATGTACGGCCATTTGGAGATCGTCATTGATGGCGGATTCATGGTGCTCGATAGTGTCTACGAATCCTCTGGAACTAGCACGGGTAGTGGAGGAGTTTCCCCTTCCACTTAAGGCATAGAACTAATTCGCTGCTGCAGACTTGCAGCAAATATCCGGTGTGGACAAGAATCGCCAAGGAGCTAGTAGTTACCCCTGGTTACATAACGAACAAAACACGCAGCTGAGGCTGGTTCAATTCATATGCACTTTTAATCGTTTTTATCAGCGTCCACGATACAAGGCGGTACTCGGTCCGTTATCTTTGATCCCAGAGTGCCCCCCGTGACCAGCTAGAAGGCATCTTGTCCTACATTGCCTGCTCCTCCCCGCTGTTGTGTGGCATACGGCATCATTGGAAAGCCGACAGACGCATTGTTATCACCCCATACTCTTTTAAGTCGCCATTACTTTTGGCCTGTATTGGATCAGCGGGAGCCCCGGCTTTCCCTAGCGGACGCCAAATGCTCTGATGGCAGTTGGCCACAAGCCTATGGTCCGCCGGAGCATTGTTAGTGGATCGTTCTAGGGCGTTCG,ACGACCCCTGACGCAATTTCGTAACTGGATATGGGTTGAGACAGGCCAACCCTACTGAACCTTCGTGTACGGCTCAGGAGGTTGGTGGGCGCCATCGAGTGATTTCCTTCGGGCTCGCATAGCGAAGCAGCGATGTCGCCTTCCCTTGCTGCCTGTCGACAGGCTCGTTTTGCCTGGTGATGATAAGGTTGCTAGCCATCAAGATTAAGTTTCTCCTGCCGTGAGCTGGGCACGGCACCTTTGATAGAGTGTAAGCCAGTTGTGTAGGCCCAGTAACACGAGCAGGTGGGGGGAAGTACATCTATGGGCAAGGGAACGGTGTGGCCAACTATCCGTCAGACACATGCGTGCTACGCTTATCGTACGAGTTCCGGTTGTCAGCGCGCCCACGAGACCGCATCGCACTAGTTCAATGCAAATGCCCCTTTGTTAAAGTGTCACGGCTATGATGTTACTTTATATTGATGCTTTAACCCGCCTCAAGGACTTGGTGGGCCGGAGCAACTAAGTCCTTGGAAAAGTCCACCCTCCTTAGCCGTATTGAGTGTACCGATGCCTAGTGTTGTTACCAAATAGTTTATTTTAATTTTGACCATTTGTATACCACTGCTGCGATAGTCTACCCAGTCGCCACTCGAGGTCTTATCGGGCGTAGGATTTCTCTTGATCACGAGACTCCAATATTCGAACTTATATGACTATGTTCATAGTCACGTATATCGTCAACTGGGAGTCGGTAGTTACTAGACCTCAAATTGGGCTCTGTCCAAGAGAAAGAACGCAACTATCACCGCTGTCTGATATTTTTAGACCCGTACGGGACACGGCGGAGGATTTCGCTTAGCTGGGGTCGACACCTTCTTCTTTGATGCGTTGCAATTGCCGAAGCATGCGCACCATCCGTATACAGCTTTATACTGCGCTTGCAGTTGAGCCACTAAACAGCATCCCGGACAACACCAGCTGGAATAACAGAGGATCAGGGAAGCCTGGATGAGAA,CACGTCGCTATCTGCTTTTTGGCGCTAAATCTCATGCCTCTCCCCATAGACTTGTGATACCTCTAAACTGCAAAACGCTAGACAGGTCGGTCTAAATACCTGCAAGTGGTTGGGAAGCTACATTCTGTTAGTCAATCCCTTGTTGGTGAGTGACCTAGTAGGTCTTCCGAGATAAGGAGACTTTTCGGCTGTCCCGTAATCGCAGTAATACCGATAGCTGATAAAGCCCGCTATAATCGTCGTGCCCGGAGGCCCGGCAACATCGTCTCGCCCGGGATGTCACATTTGGACGGTGTAAAGGTAATCTCTAATGACAACTTGAGTCGGGCATCGACATTGTAAGATCTCATCACTAGCGTAAAAAAATCAACGGAGACAGTCATTGCATGGAGGGTGCTACATTGGGTTGCTCCGTTAGTTGTGAAGTAATTAAGATTGGTAGCCGGAAGGATTCGTCTCTTAGTCGCTGAGTCACTGCGTCTATTACCCGTCATTTGGAACGTACATTCTTTTTAGGGCTTAACCACTCACGCTTAACAACAAAGCGTCAAAACTCTACCACCTCATGCTCCCCGTTGGTGCCGCACCCTCTAAGCCAGTCTGGGGGTGGGAAGCCAACAGCTAGTTTGGCGCAGTCTTTGCCAGACCTAATATTCGTAATAAAAGGACCTTCACACAGCGTGTCAGACGGCGCCAGCCTTCTGGTACTTACTTATTAGCTCGTGGAAACTTAAATCTGAGTAAAAGTGCTACGTTCACGGCATTGCCCTATGTAAACATTTACCTTTAGCCTCTGGATCGACAGCCAACTACTAATCCTCACATACGCTCACCAACCTGGCAAACAAGTAACATAGGCACCCTAAAGCGTAGGCGCTCCCAACAAGACACTCCGCCGCCCCGGTGAGTAGAGCCGTCGCCTCAAGCACGAATAGCCCTGCAGATACAACGAATCCCTCGACTCGCACTCATATCCCCGAGTCCCAGCAGCTTAGTGAGG,GGTATTGGGGCGTCGATTCCTCAGACTAGGGGCTTGATGTACACACAGTCGACTCGCGCCGTTAAGCAAAACTATAAACCGCCGGTCTAATCGCCCAACGTGCTCATGATCCGACCTTGTTCTCAAGGGGCGAAAGGTTGGCTGTCCCTAATATTTGCTCGTTGAGCATTCGTTTCAGAAATGTGCCAAATTGGGGATTAGTTAGTGAACCATATTTGCGTTCGCCAATCGGCGATCTAAAGAGAATCACAGTTCTAATACCGATATTGGGTTCGAATCGTGTACTACAGAGTGTATAAAGATCCGGCGCTCTTCGTAGAGATACAGTGTATGTTAGGGGCCCCAGCGATCGGTGCCGTCATTGTAAGTACCCACGGCAACCTAAGCCCGATCCTCGGGCCTGTTTGGGTGTCAAGCTTTTGGGTACGATGCAGGTAATCCTGAAGATGTCGCCGTGGCCGTGCGAGCACTGCATTCCGTATTCAGAACTTTCGTATTAGGCGAGCACACGGTCGACTCCGTAGATGGGTTAGCCACATCGGTGCTCGGCGGACTGACCTGGGTGGCACCCTTCTACAGGGACCAAGCGCGACTAGTACCGACAATATAGAGCAATATTTGTCGGGGAGTGGGCCTATGGGCAACCGTGGAAAACTCAGATAATCATTCCTGGGTTCCGCTAAGGGTAGTCTACGTGTCAGCACTTAGGACGGTCCGTTCCACTAAGATCAACTCCCCCCGGTGCAGAGCCGTCTGAGGCAAACCAGCACCCCTGTGCCTGAGCAAAACTTTCTCCAGTGATGGCCGTAAGTAGATCGTAACCACTATCCACGCGTGACGTATTCTAACGTTGTCTCCAAGTTTTGGTCTCTAATGTCATCGGGTACTGTAATTGGAAACGTCGCTCATTACTAGTTGCGAGCAATAGCGATCTTTAAACGTAAAGTTTTTTGACTCGATGTAATCTGTTACATATACCACCCCAATGGCCCTGTTCAGC,TAAAGTAGCCCATGGCTACGCCTCGTTCGATTTAGCCTGTGCGGAGCCCGTGTGCACTATTGGCGATGGCAACATGACGTGGAATACTTGGGACAGTCCTTCCTGTTGGGAAGCTCCGCTAGTTCAGACCCTTCTCGTCTTGGCCTTTGAGGGTGAATCGGAGCATTCATTGTCGCACATATAATCCCCAAAAGGACAAAAACCGGCGCTAACTCTATCCCCCTTTTCAGCAATTCGTTAAGGCTGGACTTTACCTTGCAATCGACCCCCGATTATGGGCACTTGCCCGGCACGTCCCCTCTAGCTATCTTGGTTGCGTTTGCGGGCCCCGTCATAGAAGGTCAGAGCGGGACTTGAATCGATAAATGTCCAACAGGCATCCGCTGCTTCGTTAGAAAGTGCGGCGTGCTCGGGGCGGTACACTCCCGAGAAGTTCTACTTAGAAATCCTCGCTGTGTTGCTGGGTTTCGAAAAGATCTGCGCACCAGCTGCAACGGTTGTACGCACTTGTTTTGTTGTAATTCCGAGGGTAGATTCACTCTCCGTCCGACGCTATATTACCGCAACGGTCAGATAGGAAGCGACGTAGACTTATCGCACCAAGCTAACGGTCTTGTAAAAATAATACAGCAACAACAAAAACGCACGTTCGTACTAAAATAAGTAAATCGATATGCGATGGTTCGATGGACCCGTTCCGTCGTTCCGTAATAGATCTAACGTAGCAACGGCTTCGTACGATATGGTACAGCAACCGGCTAGTTTTTGCTTAATGGCGACAGTACGCTGTCGTTGTACGTAGGAGATCTTATCTTACACGTCCCGAGTCTTAAACCCCAATGTGATCCCAAATATCGCCTGGCATAAAGAGACTTACACTAGGCGATTACGCCGTTTAATGGCTTCGTGTTGAGATTGTCCACTCGTCGGTATTACGGCTGATGCAACATTGATACCTTAGTTCTCCGTAGATAGTTGGCAATTGGCTACACTGCATTAA,CAGCTCAACGACCTGGTGTTATCCACATCATTTATAGCGCGTCACTCGGTATACGCTTTCTTCAGGGTGTTGTTACACACTGTTAAAGCTCTTGGGTCAGAAGCTCAACTCCTTCTTCGACTGAGAAGACGAACGGCAAGTTATCAAAGACCGAGGATGCCAACACCTGTTTCATCTGGTCCCTTCACATCTGATTTTTCGAGTGATAATATTGCACCTTCGTGCTCGGAATCACGTACCGCTTCTATCCGCAGTGCCCCCTTCGGCCGTTATTGAGGTTTCTCTATGGTTGACGAAAATCCGGCAAAGGTACATATAGATTGTCAAGGCTGGGGCCGCAAAAAAATGGCTTCCGGACGCCCATGTCTCAGTCTTTAGCGCAGCAATTTCGCACGTAAAAAACGTAATCCCTTGATGGTAGTTGTGTGCACGACTCACATATGTGATTAACCATTACCCCTGTCGACATCCCTTCGCTCGCCATGAGGTGACATAAATCCATACATCTCCGTCCCGTAATTGGACTAAAAGCCCATTTCTTCTTCGCCATTTAAACTGGACTGTTAGCATGCGATTTTTAACCTCACAAGAGCGTAGATCCACTGTCGATGGCGTATAAGTGTGGCTTGCACTGTTGGTCCTTCCGGCAGCAGTACGGTTCTGAGGTGGTACGGTGGTATGTGTAGATCTCTGTTGATATTATCAATTCCCATGGCCAACTCCCGGAATCACTCATTTGTTTGGTTGACCATGGGAATAAGTGTAGCGCCTTGTCCTGTCCGAGGGACCCAACAATCTCTTGAATCTTATCTTCCACTATTCAGGACTGACTTTAGATCCGGCATTGGTACACTCTTTGTCTGCGTCCACTACCCTACGGTCGTATAAGTCAGTAGTCACGACCGTGAGTGTAGACAACGAGCGCCTGGGTGAAAGCCACAATGACTCCTAGCGACTCGCATATGAACCAAGCTTGCAAAAAGTGTGGGCGCAATGTCAC,TTAATAACTCCAAAGCTAGTACTATGAACCTGACAATCCATTCTCCGGGCTGCCCCGAGTAGCATAATTTTCTTATTGCAGTATCGTCGATTGAGCCCACTGCGAAGCGATCAACCTGCCTCTGAGCGCTTAACTTCGTCCGTTCTTTGTGACGCTGTCATAGGTTTCGTGCGACGGGGATTTACTATACGACGTTCGGATAGCAAGACCTCAGTGAAGCCCATGGCACATTTACAAAAGTGCTTGTCCTAAGCCAGGTCTGGACGGGAAAGGCACGTTCCACGCGTTGCTAAGCACGCGCAATACACAACCTTCTCGCTTTCACGTATGTGCCGCACTATTCCACGTAGTCGTCGTCCCGCCAGAGACAGTCTTGACTCTTGCGTACTTTTTCCCTGCGAAGCAGGGTTACCAAGCCAATTCACGTGCGCATTTTATGCTTTATCACAACTACGCTGACTATGAATTTACTTTACATCACGTGTTTTCTAACCAGCATGCGAGACTTCGAAGATGAACCAATCAACCAATGGGTAACGGTGGTGTTGTTCAGTTCGGGACGCGCGTAATTAATTAGTAGAAGCGGAGTCAGCCTTGCAGCCTCCTTGCGCCGTTTTATTTAGCCATGTTGAACGCTTAGCTCGGTTCTCCTCGTTATCGGGAGAAGCGCATCTAAGTCTAGGACATTGTTCGAAATCGGCACAAGGTCCGCTCAAGTAACCTTCTCCCCAAGGGACGCTGACTATAATTTGGGCGTCCGCCGCCGTACAATGTCAAACACCTCAGAGTAAACCGGAAATTGAAACTCTGGGCAAGTACCTCGTGATCTAGGTATGGATGGCGTCCACACGAATCTAACTCTCAATCTCTACCTTGGCAAGTGATGAAGTGCATAAGAAAGGTGTACTTTTACTTGCACATTGGCTAGCCCGTAATGTCTACACCCCTCGCTGTCGCTCAAGACTGCCGCACAGTACGCATACGACCCCAAGTGAATGAA,GATGGAGGACACACCCATTCACGAAATATATCCGATGGTTTACAAGCGTCTTGAGGCGGAACTAGTAAGCTGGACAAGTTACACGACAAAACAACCCCTCGGCCCATTGAATATTGTACTAGGAGAACGAAAGCGGAATTGGCCTTAAGTTACCTCACTCATCGTCGGCGAAAGGCGTCTCGGGCTGTTATGGATCGTCGGGGCCTGCTCGAATAGACCAACATGCTCCGACAGCCCGATGGTAACAGCATAATGCGCCCTAATCTTAGCCCGCTCTCGATACTCGTTGTGTATTATGTTCAAACGTGTACTGCTGCGTCGCATAGGCTAACATGATGCTCGCTAAAGTCCCAGGTTTGCAATACCGCACGTATCTGCCACTTATAGGAAGTTCATTCGATGGTGCGTCAATTCCTAAAGTGTGCCGACGCATCTACTTATTGTCTTACGACGACATCCGGAGTTCATATCAGGATAATGGTTCAAATTCGCAGCGCTTGCGACAATGGTCCCCCAGAAGTCGGAGATCTGTTCGCAAGGCTACTAGGTCCGGGTCCTCCTCCGTAGGATTATAACACCGCTAGCCACTATCTTCACTTTCTGGTGGTGGCCGAGAAGGCTTCCGCGGAGCGTAAATATGCTAAGCCGCTTCGTTGCCATTACCGGAAGAAGGTACGGCTTAAGCCGGTCCGAATGTGCATTTATTACAGCCGCTGAACTTAGGACACAACCAGATGCCTTCTATAGTAAGACAATATTGGCCTACATGAGATGGCTCAAGCAATGTACAGCCCGGGTTGGACACGGTGAGCGCGACCGGTATATCCCAGGCGATAGCTGAAACCGCGAAGCCCCTTTATCTCTATTGGAAGATAAGAATGACAGGCGTGTCTCCTACTGGGAATCTGTAATCGACACGATAATGCCACGCATGCAAACGCCATCTGATCTTATCGCATCCCCTGCCTTCCGGAGTAAGAATACCCTAAGAAATCCATAG,AGCGCCACCTAGGTAACATCGTTGGATAGTGACATTATTCCTGAATAGGCAACAAATAGCCCGTCAATCTCTCTGGCATCCACTAGCACTCTACGAACGGAGTTGCTTACGAACACATGCTTTCTGCTGGCCCTCCCACCCTGAGCTTAACCCGGACCGGGAGGTCGCCTGTAGTATGATTTATTGCGCTGTAGCTTGACCGGCAGATTGACGTTGATCGCAGTACTCGAGAACCGGTCTGCACCAAGAGCATGCCGGTAACCTCCTCGCTATACATGCTATTCGACTGAATGGCCCCCCCTGTAAGCGCTCGAGCCGTCTGTCACCGTCTTATCCCTCATACCGAGCTCTCCGTTCACGGGATGCCATTCCCGGTCAGCAGACTTTGATGTACGGACTACACCTTTGCGTTCTAAGACACCACCTAAGGGACTCATACCTGTATAGGCTCCTGTGACCGGAAATTGCCCTTTTAGAGGAGGGCGCTCAAGTCCTGGTTGGAGATGATAGTGAAAAGCTATAACCATATACATGCCTCGTCTAGTACCACTCCTAGCGTAAACAACACTCTGGCCAGCAGGTCTGTGGGTATAATTCCAACCTCCGTGTGGCGTAGGCCCCTCTCTAGCGTTCAGATTCACTGAGTGCCATTGCCGTCACGGTCGGCGGAATGACTAGCAGTCCATTTAGTGCTGGTGCGAACCAATCGTTACAGGCACAGCTGGCATGATTAACCAGAGCCCTATTTAGTCCTGACTCTTTGCACTGCTAGATGTGAAGCTATATCATATCTTCCTGCCAATTCTTTACATTTGTAACCTCTTAAAGTCAAATTTCCAATTAGGCTTGCGCGGTAGATGGACTGATATCGTATTCCGTAGGGCGGTAACGTTCCCAAATCTACCTACCTTTTTCGCCCACCATTGACGTAAGTGTTCACTGACATAGGAGATTTCGCTATTGTTATTCTCTTCACGGACGTGTCCCGAATTCCTCGGTA,GTGCTTCCGCGCGCTAGTAACCATGCTGCGAAGGCGGTGGTTGACCATGGCCCAATCGATAGCGCGTTAAGTTTACTAGTCCGAGGCATGCCGCATAGAAACGTGCTTTCTGGAGGATCTATCGGTATGCGAGGAGCTAGGTCAACTTCTACAAATACTACGGACGGTGCCCACGAGGGAGATTCGGGCGACCGTGTCTATTATTGAACACAGTATCGCGTTGCTACAACCCACTTTTCTCACCACCAGCCCAGTAGGCTACGCCTCCCTCGACTAGAAGGCCAAGGTCGAATCGCAAGCCTGATCTCCGCATAGAAGTCACACTCTGAGATTGTACTCTGGACTTAGAAACCTCACAAATACTCTATTAAGAACTTCGACAAAAATAGTAAATGCGAAAGCCCTGTATTCGGAGGGCTCTTTGACAACAGTCGCTGAGCGAAGAGGGCTAAAATGGCACAGACACCCTAGAGTCTCGGAGAATTGCGGTAGAAGTAATCCCTCTCAACCAGGCGCGTATGGGTCAAAACGCCGACCTAGAGGGTTCAAGAGTTTCTGTATAGTAGACGTGGCACTTTTCCGTGCTAGGTAAGGACGCATTTGCGAAGTATGACATTACTCACTAGAAGTAGCCTCATCCCATGTGCATATATTTCCTTATATTACATATTCCCGGCAGATGCCTCTCCTTCGAGAAACTTATTATCTAAAAAAGGCGGTTCTGTCCTGGCTAGCTACGGCTCGCTATGAGAGTATATGTTCAATGGCGACAAGAGGTATTCCGACCACAAATTCCTCGCTACACGGTGCAGCGCGCCGGGAGCACCCCGGTGTAGTCCAGAATGTCACATCTGAGTACCAGTCCGTATACTAGTGACGGAAGATACAGGCGTACTTGGCTTGTCATCTTATGGATAGCACTCTGTTTTTTCTCTAACAGCGAGTTAGAGGGATCAAAGAGCACTTGGCACGCCCATAATGAGACGCTAAAGCTGGTCCA,ATCTCCGGCGTGCTGTGCAACGCCCTCTGGTGCAACACGAGGCAAGACCTGGGGCGTCCGATAAAACACTCAGGCACGGTAATAGGGCTTCTGAGCAGTGCCTTTCGAGCTATCATGTCTCTAAGCCTCTCAACAAGATTGCCTGCAGCCGGCTCCACTCCGAGCCCACTTGTCCGGAGGCCGATCAATAACAAGTATGCCAGTCTATAGTCGATGGGAGTGACAGTTCTAGGAGGCCGAATGGCTCGCAGAACCAAGTCAAACAAGGCAACCTTTCAATGGCGTGGTGAATCATGTACTGCGGCTGAACCGGAATATCTTATGTCACTCGGTATTTGTATTATGTGGATTGCGACAACACACCGGACACGTTACCATGTTGCACTACCACGCCGTTTCGGCTGTGGGGCTGCACCATATCAACGTTTCCCTGTGTATAGCTTCTCTCGATGCTTATTCCTACTTAGATAATTAAAGACACATCTTCCGCCAACGACGTAATGACTTTATTGCGTTAAACTGCTTATTGAATCGGGGGCAGTTAAGCATCCAGCGGCAGTCGGCCATTCTTGGTGAGTCACCTCTCACACTCCCGGCCTTGCGGTGAGATCACCAAAATGTTAAGCAAGACGGGGTACTTTTGTGCCATTGTATTCTCACATAAATTTCCGTGGCCAAACATTCCTTCATCGATGATCCAGGTCATTCTAAAATAAAACATTCCGTCGGGTTGTGACCTATTCGCACCCGGTAATTGCGAGGGACGGTAACACCCTCGAGTATAATGGCACCTCAATCACCGGGCGGAACCAAAAAACGACATAGGGAAGACTGGAGTACCGCTACTGACTCATTCTATTCACTATGTAAGGCGTAATAGTACGGCTGGGGAGCAGTCTCTTTGATTGGTTCAAGTACACGTCGTGCTGCCGCAGGTGTGACTGGGTTGAAAATCTCGTGGCAAGAGCGCTGATTAGTCTGAGCTCCCGGTCCAACTAGA,CGTAGAGCTAAGGCGAACCTGTTATTGGACCCACCCTATAGCGTCAACTGTGACCAGAGGATGTAATATAGCTGTCTCGCGAGGGTCATACGGTGCACCAGGTCTGGGGTGTCTCCATCTGAATGTCTTCCAGCCTCCTGGGAAGGCAGATTAGCCCTCTGCGCCCTAGGCTTCCAAAGAATACATGCGCTCGAAGTACCACATCCGTCTCAGATCCAGGACACACCGGTTCAATCGGGAGCGTTAACTTAGTATAACACTGCTGGCGCAGTTTCCCGCGAGGCAGAGCCGAAGCGATCGTAATCTTTCCACTAGGAATGTACGTCATGGGCCCTCGGTGGGGGGGTATGCATCCGTTAAGCCCTATCGATAGGATTACACATAAGTTGCGACTCCGTAATAAAAATACGCAGGTTGTTGACTGCCGAAGGGGTCATACTGAATGACGAGATGTCCGTCGTTTGTGCCTTGGCGCGAGGTGCTCACGCATTAAGGGCTGTGGTTCTTTCGTCAAAAGTTCGGGTGCCCTTAGAATACTTTACCGGCAGATTGGAAAAGGCAGCACATGATGGGCTGCACATAAACAGGGTTTACACATCCATCACTCACACACTGAAAGTACCGTTACATTGTGCTGTAATATCGGAAACCCTCGACGGCAATCTATGACGTCAAGGATAGGGACTGTGTTAGTCTGCTAAGTCTTGGGACGCCCTGCTACGTTCTCGCGAGACAATATATCTGCCGTGTCAGCTTCAAGCGTATCGCTCGCCAGGTACTGGTTACTATGGCGCCCACTGTGATTCCGGGCAAGGGGCAAACAGGGGGCCTTTGTCGGTTGAACATAATGGCAAAGACGCCAAGTTGAAACTAGGGACAAAAGCTGGTAATCGTATCTCGAGATAGCGCCGTCCCCCCCATTTGGCCTCCTTGTCAGCAGGGAACAGAAGTTCTCGCTTGGTATCCCTATGTATAGCCATAAATCAACCCCTAATGCACA
